ID,Labels
1,"[Sorrow]"
2,"['Expect', 'Love', 'Joy']"
3,"['Expect', 'Love', 'Joy']"
4,"['Expect', 'Love', 'Joy']"
5,"['Sorrow', 'Hate']"
6,"['Sorrow', 'Anxiety']"
7,"['Anxiety', 'Hate']"
8,"[Expect]"
9,"['Expect', 'Sorrow', 'Anxiety']"
10,"['Love', 'Joy']"
11,"['Anger', 'Hate']"
12,"['Sorrow', 'Anxiety']"
13,"['Love', 'Sorrow', 'Anxiety']"
14,"[Joy]"
15,"['Expect', 'Love', 'Joy']"
16,"['Love', 'Sorrow', 'Anxiety']"
17,"['Sorrow', 'Anxiety']"
18,"['Anger', 'Anxiety', 'Hate']"
19,"['Anger', 'Expect', 'Hate']"
20,"[Sorrow]"
21,"['Expect', 'Love']"
22,"['Expect', 'Love']"
23,"['Sorrow', 'Anxiety']"
24,"['Expect', 'Anxiety']"
25,"['Anger', 'Anxiety', 'Hate']"
26,"['Love', 'Anxiety']"
27,"['Sorrow', 'Anxiety']"
28,"['Expect', 'Sorrow', 'Anxiety']"
29,"['Anger', 'Anxiety']"
30,"[Anxiety]"
31,"['Expect', 'Love', 'Joy']"
32,"[Love]"
33,"[Love]"
34,"['Anger', 'Hate']"
35,"['Expect', 'Love']"
36,"['Expect', 'Anxiety']"
37,"['Sorrow', 'Anxiety']"
38,"['Anxiety', 'Surprise']"
39,"['Expect', 'Love']"
40,"['Expect', 'Love', 'Joy']"
41,"['Expect', 'Love']"
42,"['Love', 'Sorrow']"
43,"['Expect', 'Sorrow', 'Anxiety']"
44,"['Love', 'Joy']"
45,"[Love]"
46,"['Expect', 'Love']"
47,"['Anger', 'Expect', 'Anxiety']"
48,"[Love]"
49,"['Sorrow', 'Hate']"
50,"[Love]"
51,"['Sorrow', 'Anxiety']"
52,"['Anxiety', 'Hate']"
53,"['Anger', 'Anxiety', 'Hate', 'Surprise']"
54,"['Expect', 'Love', 'Joy']"
55,"[Joy]"
56,"['Anger', 'Sorrow', 'Anxiety', 'Hate']"
57,"['Love', 'Joy']"
58,"['Love', 'Joy']"
59,"['Sorrow', 'Anxiety', 'Hate']"
60,"['Love', 'Joy']"
61,"['Anger', 'Anxiety']"
62,"[Love]"
63,"['Love', 'Sorrow', 'Anxiety']"
64,"['Expect', 'Love', 'Joy']"
65,"['Expect', 'Love', 'Joy']"
66,"['Love', 'Joy']"
67,"['Sorrow', 'Anxiety']"
68,"[Love]"
69,"['Love', 'Joy']"
70,"[Hate]"
71,"['Sorrow', 'Anxiety']"
72,"['Anxiety', 'Hate']"
73,"['Sorrow', 'Anxiety']"
74,"[Love]"
75,"['Expect', 'Joy']"
76,"['Expect', 'Love', 'Joy']"
77,"['Sorrow', 'Anxiety']"
78,"[Anxiety]"
79,"[Love]"
80,"[Love]"
81,"['Love', 'Sorrow', 'Anxiety']"
82,"['Expect', 'Love', 'Joy']"
83,"['Joy', 'Surprise']"
84,"[Love]"
85,"['Expect', 'Love']"
86,"['Anger', 'Hate']"
87,"['Expect', 'Love', 'Joy']"
88,"['Sorrow', 'Anxiety']"
89,"['Expect', 'Love']"
90,"[Sorrow]"
91,"['Sorrow', 'Anxiety']"
92,"['Anger', 'Hate']"
93,"[Expect]"
94,"['Anger', 'Hate']"
95,"['Expect', 'Love', 'Joy']"
96,"['Expect', 'Love']"
97,"[Love]"
98,"['Sorrow', 'Anxiety']"
99,"['Expect', 'Love', 'Joy']"
100,"['Sorrow', 'Anxiety']"
101,"['Love', 'Joy']"
102,"['Expect', 'Love', 'Joy']"
103,"['Sorrow', 'Anxiety']"
104,"['Expect', 'Love', 'Sorrow']"
105,"['Expect', 'Love', 'Joy']"
106,"['Expect', 'Love', 'Joy']"
107,"['Anger', 'Sorrow', 'Hate']"
108,"['Sorrow', 'Anxiety']"
109,"['Anger', 'Expect', 'Anxiety']"
110,"['Sorrow', 'Anxiety', 'Hate']"
111,"['Anger', 'Sorrow', 'Anxiety', 'Hate']"
112,"['Sorrow', 'Anxiety']"
113,"['Love', 'Anxiety']"
114,"['Sorrow', 'Anxiety']"
115,"[Love]"
116,"['Anger', 'Hate']"
117,"['Love', 'Joy']"
118,"['Love', 'Joy']"
119,"[Love]"
120,"['Expect', 'Love', 'Joy']"
121,"['Expect', 'Love', 'Joy']"
122,"[Joy]"
123,"[Anxiety]"
124,"[Love]"
125,"['Anger', 'Hate']"
126,"['Sorrow', 'Joy']"
127,"['Love', 'Joy']"
128,"['Expect', 'Love']"
129,"['Love', 'Joy']"
130,"['Sorrow', 'Anxiety']"
131,"['Sorrow', 'Anxiety', 'Hate']"
132,"[Anxiety]"
133,"[Anxiety]"
134,"['Expect', 'Love', 'Joy']"
135,"['Sorrow', 'Anxiety']"
136,"['Anger', 'Expect', 'Hate']"
137,"['Anger', 'Sorrow', 'Hate']"
138,"['Expect', 'Love']"
139,"['Anger', 'Anxiety', 'Hate']"
140,"['Sorrow', 'Anxiety']"
141,"[Sorrow]"
142,"['Love', 'Joy']"
143,"['Love', 'Joy']"
144,"['Expect', 'Love', 'Sorrow']"
145,"['Expect', 'Anxiety', 'Hate']"
146,"[Love]"
147,"['Expect', 'Love', 'Joy']"
148,"[Anxiety]"
149,"[Anxiety]"
150,"['Sorrow', 'Anxiety']"
151,"['Expect', 'Love']"
152,"[Anxiety]"
153,"['Anger', 'Hate']"
154,"['Expect', 'Love', 'Joy']"
155,"['Anger', 'Anxiety', 'Hate']"
156,"[]"
157,"[Anxiety]"
158,"[Love]"
159,"['Love', 'Joy']"
160,"['Sorrow', 'Anxiety']"
161,"['Sorrow', 'Anxiety', 'Hate']"
162,"['Love', 'Joy']"
163,"[Anxiety]"
164,"['Love', 'Joy']"
165,"[Love]"
166,"[Anxiety]"
167,"[Love]"
168,"['Expect', 'Love']"
169,"[Love]"
170,"['Anger', 'Hate']"
171,"['Sorrow', 'Anxiety', 'Hate']"
172,"['Sorrow', 'Anxiety']"
173,"[Surprise]"
174,"[Love]"
175,"['Love', 'Joy']"
176,"['Anger', 'Anxiety', 'Hate']"
177,"['Sorrow', 'Anxiety']"
178,"[Love]"
179,"[Joy]"
180,"['Sorrow', 'Anxiety']"
181,"['Love', 'Joy']"
182,"[Love]"
183,"['Expect', 'Love']"
184,"['Sorrow', 'Anxiety']"
185,"['Anger', 'Anxiety']"
186,"['Love', 'Joy']"
187,"[Anxiety]"
188,"['Love', 'Sorrow', 'Joy']"
189,"['Anxiety', 'Joy']"
190,"[Anger]"
191,"[]"
192,"['Expect', 'Sorrow']"
193,"['Anger', 'Hate']"
194,"[Anger]"
195,"['Anger', 'Hate']"
196,"['Expect', 'Love', 'Joy']"
197,"['Sorrow', 'Anxiety']"
198,"[Love]"
199,"['Sorrow', 'Anxiety']"
200,"['Sorrow', 'Anxiety']"
201,"[Anxiety]"
202,"['Love', 'Joy']"
203,"['Expect', 'Love', 'Joy']"
204,"['Love', 'Joy']"
205,"['Love', 'Sorrow']"
206,"['Expect', 'Love', 'Joy']"
207,"[Love]"
208,"[Anxiety]"
209,"['Expect', 'Love', 'Joy']"
210,"['Expect', 'Love', 'Joy']"
211,"['Love', 'Joy']"
212,"['Love', 'Joy']"
213,"['Sorrow', 'Anxiety']"
214,"['Anxiety', 'Joy']"
215,"['Love', 'Joy']"
216,"['Sorrow', 'Anxiety']"
217,"['Expect', 'Love', 'Joy']"
218,"['Expect', 'Love']"
219,"['Love', 'Anxiety']"
220,"['Expect', 'Anxiety']"
221,"[Anxiety]"
222,"['Love', 'Joy']"
223,"[Anxiety]"
224,"['Love', 'Sorrow', 'Anxiety']"
225,"['Love', 'Anxiety']"
226,"['Sorrow', 'Anxiety']"
227,"['Expect', 'Love']"
228,"['Sorrow', 'Anxiety']"
229,"['Anger', 'Hate']"
230,"[Love]"
231,"[Anxiety]"
232,"['Sorrow', 'Anxiety']"
233,"['Anger', 'Expect', 'Sorrow', 'Anxiety', 'Hate']"
234,"[Anxiety]"
235,"['Expect', 'Love']"
236,"['Anger', 'Expect', 'Anxiety', 'Hate']"
237,"['Love', 'Anxiety', 'Hate']"
238,"[Joy]"
239,"['Expect', 'Anxiety']"
240,"['Love', 'Joy']"
241,"['Love', 'Joy']"
242,"[Anxiety]"
243,"['Expect', 'Love', 'Joy']"
244,"['Sorrow', 'Anxiety']"
245,"['Love', 'Joy']"
246,"[Sorrow]"
247,"['Sorrow', 'Anxiety', 'Surprise']"
248,"['Expect', 'Love', 'Joy']"
249,"['Anger', 'Expect', 'Hate']"
250,"[Love]"
251,"[Love]"
252,"[Love]"
253,"['Anger', 'Hate']"
254,"['Expect', 'Love']"
255,"['Anger', 'Sorrow', 'Anxiety']"
256,"['Anxiety', 'Joy']"
257,"['Expect', 'Love']"
258,"['Anger', 'Sorrow', 'Anxiety', 'Hate']"
259,"['Love', 'Sorrow']"
260,"['Sorrow', 'Anxiety']"
261,"['Love', 'Surprise']"
262,"['Expect', 'Love', 'Joy']"
263,"[Anxiety]"
264,"['Anger', 'Anxiety']"
265,"['Anger', 'Sorrow', 'Anxiety']"
266,"[Love]"
267,"['Sorrow', 'Anxiety']"
268,"[Surprise]"
269,"['Love', 'Joy']"
270,"['Love', 'Joy']"
271,"[Love]"
272,"['Sorrow', 'Anxiety']"
273,"['Sorrow', 'Anxiety']"
274,"[Anxiety]"
275,"[Love]"
276,"['Love', 'Sorrow', 'Anxiety']"
277,"[Love]"
278,"[Sorrow]"
279,"['Expect', 'Love', 'Joy']"
280,"[Anxiety]"
281,"[Hate]"
282,"[Hate]"
283,"['Sorrow', 'Anxiety']"
284,"['Love', 'Joy']"
285,"['Love', 'Joy']"
286,"[Love]"
287,"['Anger', 'Hate']"
288,"['Expect', 'Anxiety']"
289,"[Hate]"
290,"['Anger', 'Anxiety', 'Hate']"
291,"['Sorrow', 'Anxiety']"
292,"['Love', 'Joy']"
293,"['Expect', 'Love']"
294,"['Anger', 'Anxiety']"
295,"['Sorrow', 'Anxiety']"
296,"[Love]"
297,"['Hate', 'Surprise']"
298,"[Love]"
299,"['Anger', 'Anxiety', 'Hate', 'Surprise']"
300,"['Sorrow', 'Anxiety']"
301,"['Sorrow', 'Anxiety']"
302,"[Anxiety]"
303,"['Anger', 'Anxiety']"
304,"[Anxiety]"
305,"[Love]"
306,"[Expect]"
307,"['Sorrow', 'Anxiety']"
308,"['Love', 'Joy']"
309,"['Sorrow', 'Anxiety']"
310,"['Expect', 'Love']"
311,"['Anger', 'Hate']"
312,"['Anger', 'Expect', 'Sorrow', 'Hate']"
313,"['Love', 'Sorrow']"
314,"['Anger', 'Hate']"
315,"['Love', 'Joy']"
316,"[Anxiety]"
317,"['Anger', 'Sorrow', 'Anxiety']"
318,"['Love', 'Joy']"
319,"['Expect', 'Love']"
320,"[Hate]"
321,"['Anger', 'Hate']"
322,"['Expect', 'Love']"
323,"['Anger', 'Anxiety', 'Hate']"
324,"['Anger', 'Sorrow', 'Hate']"
325,"['Love', 'Joy']"
326,"[Love]"
327,"['Expect', 'Love', 'Joy']"
328,"['Sorrow', 'Anxiety']"
329,"['Sorrow', 'Anxiety']"
330,"['Sorrow', 'Anxiety']"
331,"['Anger', 'Sorrow', 'Hate']"
332,"['Anger', 'Hate']"
333,"[Love]"
334,"['Anger', 'Anxiety', 'Surprise']"
335,"['Sorrow', 'Anxiety']"
336,"['Sorrow', 'Anxiety']"
337,"['Expect', 'Sorrow']"
338,"[Love]"
339,"['Love', 'Anxiety', 'Hate']"
340,"['Anger', 'Hate']"
341,"['Sorrow', 'Anxiety']"
342,"['Expect', 'Love', 'Joy']"
343,"['Anxiety', 'Hate']"
344,"[Love]"
345,"[Hate]"
346,"[Anxiety]"
347,"[Joy]"
348,"['Sorrow', 'Anxiety']"
349,"['Sorrow', 'Anxiety']"
350,"['Love', 'Joy']"
351,"['Anger', 'Hate']"
352,"['Anger', 'Hate']"
353,"['Love', 'Sorrow', 'Anxiety']"
354,"['Love', 'Joy']"
355,"['Sorrow', 'Anxiety']"
356,"['Sorrow', 'Anxiety']"
357,"['Expect', 'Joy']"
358,"['Sorrow', 'Anxiety', 'Hate']"
359,"[Anxiety]"
360,"['Love', 'Joy']"
361,"[Love]"
362,"['Love', 'Joy']"
363,"['Expect', 'Love', 'Joy']"
364,"['Anger', 'Expect', 'Hate']"
365,"['Anger', 'Sorrow', 'Anxiety', 'Hate']"
366,"['Expect', 'Love', 'Joy']"
367,"[Anxiety]"
368,"[Love]"
369,"[Love]"
370,"['Sorrow', 'Anxiety']"
371,"[Love]"
372,"['Sorrow', 'Anxiety']"
373,"['Love', 'Joy']"
374,"['Expect', 'Love', 'Joy']"
375,"['Anger', 'Sorrow', 'Anxiety', 'Hate']"
376,"['Love', 'Joy']"
377,"['Expect', 'Sorrow']"
378,"['Anger', 'Love', 'Hate']"
379,"['Love', 'Anxiety']"
380,"['Expect', 'Anxiety']"
381,"['Love', 'Sorrow']"
382,"['Love', 'Joy']"
383,"['Anger', 'Anxiety', 'Hate', 'Surprise']"
384,"['Expect', 'Sorrow']"
385,"['Anger', 'Anxiety']"
386,"[Love]"
387,"[Love]"
388,"['Anxiety', 'Hate']"
389,"['Anger', 'Anxiety', 'Hate']"
390,"['Sorrow', 'Anxiety']"
391,"[Love]"
392,"[Expect]"
393,"['Expect', 'Joy']"
394,"['Love', 'Joy']"
395,"[Love]"
396,"['Expect', 'Love']"
397,"['Expect', 'Love', 'Joy']"
398,"[Love]"
399,"['Love', 'Joy']"
400,"['Anger', 'Hate']"
401,"['Expect', 'Love', 'Joy']"
402,"['Expect', 'Anxiety']"
403,"['Love', 'Joy']"
404,"['Expect', 'Joy']"
405,"['Love', 'Anxiety']"
406,"['Anger', 'Hate']"
407,"['Sorrow', 'Anxiety', 'Hate']"
408,"['Love', 'Joy']"
409,"['Anger', 'Hate', 'Surprise']"
410,"[Joy]"
411,"['Expect', 'Love', 'Joy']"
412,"[Love]"
413,"['Anger', 'Anxiety', 'Hate']"
414,"['Sorrow', 'Anxiety']"
415,"['Love', 'Joy']"
416,"[Love]"
417,"['Love', 'Joy']"
418,"[Love]"
419,"['Anger', 'Anxiety', 'Surprise']"
420,"['Love', 'Joy']"
421,"['Anger', 'Sorrow', 'Anxiety', 'Surprise']"
422,"['Anger', 'Sorrow', 'Anxiety', 'Hate']"
423,"[Love]"
424,"['Love', 'Joy']"
425,"['Expect', 'Love']"
426,"['Expect', 'Anxiety']"
427,"['Anger', 'Anxiety', 'Hate']"
428,"['Anger', 'Sorrow', 'Anxiety', 'Hate']"
429,"['Expect', 'Love']"
430,"[Anxiety]"
431,"['Anger', 'Hate']"
432,"[Sorrow]"
433,"['Sorrow', 'Anxiety']"
434,"['Sorrow', 'Anxiety']"
435,"['Love', 'Joy']"
436,"[Love]"
437,"['Anger', 'Sorrow', 'Anxiety', 'Hate']"
438,"['Sorrow', 'Anxiety']"
439,"['Sorrow', 'Anxiety']"
440,"[Love]"
441,"[Expect]"
442,"['Love', 'Joy']"
443,"['Anger', 'Sorrow', 'Anxiety']"
444,"['Expect', 'Anxiety', 'Joy']"
445,"['Anger', 'Hate']"
446,"[Anxiety]"
447,"['Anger', 'Anxiety', 'Hate']"
448,"[Love]"
449,"['Expect', 'Love', 'Joy']"
450,"['Anger', 'Sorrow', 'Anxiety', 'Hate', 'Surprise']"
451,"['Sorrow', 'Anxiety']"
452,"['Love', 'Joy']"
453,"['Expect', 'Love', 'Anxiety']"
454,"['Expect', 'Love', 'Joy']"
455,"['Anger', 'Anxiety']"
456,"['Anger', 'Sorrow', 'Hate']"
457,"[Anxiety]"
458,"['Sorrow', 'Anxiety']"
459,"['Anger', 'Sorrow', 'Anxiety', 'Hate']"
460,"['Anger', 'Anxiety']"
461,"['Anger', 'Hate']"
462,"['Expect', 'Love', 'Joy']"
463,"['Anger', 'Anxiety', 'Hate']"
464,"[Anxiety]"
465,"['Anxiety', 'Surprise']"
466,"['Love', 'Surprise']"
467,"[Anger]"
468,"['Anger', 'Anxiety', 'Hate']"
469,"['Expect', 'Love', 'Joy']"
470,"['Love', 'Joy']"
471,"['Love', 'Joy']"
472,"['Expect', 'Love', 'Joy']"
473,"['Sorrow', 'Anxiety']"
474,"[Love]"
475,"[Expect]"
476,"[Expect]"
477,"['Love', 'Joy']"
478,"[Expect]"
479,"['Expect', 'Anxiety']"
480,"['Sorrow', 'Anxiety', 'Hate']"
481,"['Love', 'Joy']"
482,"['Love', 'Joy']"
483,"['Sorrow', 'Anxiety']"
484,"[Anxiety]"
485,"['Anger', 'Sorrow', 'Anxiety', 'Hate']"
486,"['Love', 'Joy']"
487,"[Love]"
488,"[Love]"
489,"['Expect', 'Love']"
490,"['Anger', 'Anxiety', 'Hate']"
491,"['Love', 'Joy']"
492,"[Sorrow]"
493,"['Love', 'Anxiety', 'Joy']"
494,"[Sorrow]"
495,"['Expect', 'Love']"
496,"['Love', 'Joy']"
497,"['Sorrow', 'Anxiety']"
498,"['Love', 'Joy']"
499,"['Expect', 'Sorrow', 'Anxiety']"
500,"[Anxiety]"
501,"[Sorrow]"
502,"['Anxiety', 'Hate']"
503,"[Love]"
504,"['Joy', 'Surprise']"
505,"['Expect', 'Love']"
506,"['Expect', 'Love']"
507,"['Sorrow', 'Anxiety']"
508,"[Expect]"
509,"[Sorrow]"
510,"[Love]"
511,"[Love]"
512,"['Anxiety', 'Joy']"
513,"['Sorrow', 'Anxiety']"
514,"['Anger', 'Hate']"
515,"[Anxiety]"
516,"['Expect', 'Love', 'Joy']"
517,"[Anxiety]"
518,"[Love]"
519,"['Expect', 'Love', 'Joy']"
520,"[Expect]"
521,"[Love]"
522,"['Love', 'Joy']"
523,"['Expect', 'Love', 'Hate']"
524,"['Anger', 'Anxiety', 'Hate']"
525,"[Anxiety]"
526,"['Anger', 'Sorrow', 'Anxiety', 'Hate']"
527,"['Anger', 'Sorrow', 'Anxiety', 'Hate']"
528,"[Love]"
529,"['Expect', 'Love']"
530,"['Expect', 'Love', 'Joy']"
531,"['Anxiety', 'Hate']"
532,"['Expect', 'Love', 'Joy']"
533,"['Sorrow', 'Anxiety']"
534,"['Anger', 'Sorrow', 'Anxiety', 'Hate']"
535,"[Love]"
536,"['Anger', 'Sorrow', 'Anxiety', 'Hate']"
537,"['Love', 'Joy']"
538,"[Love]"
539,"['Anger', 'Sorrow', 'Hate']"
540,"['Expect', 'Anxiety']"
541,"['Expect', 'Love']"
542,"['Anger', 'Sorrow', 'Anxiety', 'Hate']"
543,"['Anger', 'Sorrow', 'Anxiety', 'Hate', 'Surprise']"
544,"['Sorrow', 'Anxiety']"
545,"['Anger', 'Hate']"
546,"['Sorrow', 'Anxiety']"
547,"['Hate', 'Joy']"
548,"[Anxiety]"
549,"['Anger', 'Hate']"
550,"['Expect', 'Hate']"
551,"[Surprise]"
552,"['Sorrow', 'Anxiety']"
553,"[Anxiety]"
554,"['Expect', 'Sorrow']"
555,"[Anxiety]"
556,"['Sorrow', 'Anxiety']"
557,"['Anger', 'Expect', 'Hate']"
558,"['Anger', 'Anxiety', 'Hate']"
559,"['Expect', 'Love', 'Joy']"
560,"['Love', 'Joy']"
561,"['Sorrow', 'Anxiety', 'Hate']"
562,"['Anger', 'Expect', 'Hate']"
563,"[Anxiety]"
564,"['Love', 'Joy']"
565,"['Expect', 'Love']"
566,"['Love', 'Joy']"
567,"['Anxiety', 'Surprise']"
568,"['Expect', 'Love']"
569,"['Anger', 'Anxiety', 'Hate']"
570,"['Love', 'Sorrow', 'Anxiety']"
571,"['Sorrow', 'Anxiety']"
572,"['Love', 'Sorrow', 'Anxiety']"
573,"['Sorrow', 'Anxiety']"
574,"['Expect', 'Love', 'Joy']"
575,"['Expect', 'Joy']"
576,"[Sorrow]"
577,"['Joy', 'Surprise']"
578,"[Joy]"
579,"[Love]"
580,"['Anger', 'Sorrow', 'Hate']"
581,"['Sorrow', 'Anxiety']"
582,"['Love', 'Joy', 'Surprise']"
583,"['Anger', 'Hate']"
584,"['Anger', 'Anxiety', 'Hate']"
585,"[Love]"
586,"['Anger', 'Love', 'Anxiety']"
587,"['Love', 'Joy']"
588,"[Love]"
589,"[Love]"
590,"['Love', 'Joy']"
591,"[Anxiety]"
592,"['Anger', 'Hate']"
593,"[Anxiety]"
594,"['Anger', 'Hate']"
595,"['Anger', 'Anxiety', 'Hate']"
596,"['Expect', 'Love', 'Joy']"
597,"['Expect', 'Love', 'Joy']"
598,"['Sorrow', 'Anxiety']"
599,"['Love', 'Joy']"
600,"['Love', 'Hate']"
601,"['Love', 'Joy']"
602,"[Surprise]"
603,"['Anxiety', 'Hate']"
604,"['Sorrow', 'Anxiety']"
605,"['Anger', 'Sorrow', 'Hate']"
606,"['Sorrow', 'Anxiety']"
607,"['Anger', 'Anxiety', 'Hate']"
608,"['Anger', 'Hate']"
609,"['Sorrow', 'Anxiety']"
610,"[Love]"
611,"[Anxiety]"
612,"['Love', 'Anxiety']"
613,"[Joy]"
614,"['Expect', 'Anxiety']"
615,"['Expect', 'Love', 'Anxiety']"
616,"[Love]"
617,"['Sorrow', 'Anxiety']"
618,"[Love]"
619,"['Expect', 'Love']"
620,"['Sorrow', 'Anxiety']"
621,"['Love', 'Sorrow', 'Anxiety']"
622,"['Love', 'Joy']"
623,"[Love]"
624,"['Love', 'Joy']"
625,"['Love', 'Joy']"
626,"['Expect', 'Love']"
627,"['Love', 'Sorrow']"
628,"[Anxiety]"
629,"['Sorrow', 'Anxiety']"
630,"['Love', 'Joy']"
631,"['Expect', 'Love', 'Joy']"
632,"[Anxiety]"
633,"['Sorrow', 'Anxiety']"
634,"[Surprise]"
635,"['Anger', 'Expect', 'Anxiety', 'Hate']"
636,"['Sorrow', 'Anxiety']"
637,"['Expect', 'Love']"
638,"['Sorrow', 'Anxiety']"
639,"[Love]"
640,"['Expect', 'Anxiety']"
641,"['Sorrow', 'Anxiety']"
642,"['Anger', 'Anxiety']"
643,"['Love', 'Joy']"
644,"[Sorrow]"
645,"['Expect', 'Love', 'Joy']"
646,"['Anger', 'Hate']"
647,"['Anxiety', 'Hate']"
648,"['Anger', 'Hate']"
649,"['Anger', 'Expect', 'Hate']"
650,"['Anger', 'Sorrow', 'Hate']"
651,"['Sorrow', 'Anxiety']"
652,"['Love', 'Joy']"
653,"['Anger', 'Hate']"
654,"['Expect', 'Love']"
655,"['Anger', 'Expect', 'Anxiety', 'Hate']"
656,"['Expect', 'Love', 'Sorrow']"
657,"['Expect', 'Love', 'Joy']"
658,"[Love]"
659,"['Expect', 'Love']"
660,"['Anger', 'Expect', 'Hate']"
661,"['Expect', 'Hate']"
662,"['Sorrow', 'Anxiety']"
663,"['Sorrow', 'Anxiety']"
664,"['Sorrow', 'Anxiety', 'Hate']"
665,"[Joy]"
666,"[Anxiety]"
667,"['Sorrow', 'Anxiety']"
668,"['Anger', 'Anxiety', 'Hate']"
669,"['Sorrow', 'Surprise']"
670,"['Expect', 'Love']"
671,"[Love]"
672,"['Anger', 'Anxiety', 'Hate']"
673,"['Expect', 'Love', 'Joy']"
674,"[Love]"
675,"[Anger]"
676,"['Anger', 'Hate']"
677,"['Expect', 'Anxiety', 'Hate']"
678,"['Anger', 'Sorrow', 'Anxiety', 'Hate']"
679,"['Anger', 'Anxiety']"
680,"['Love', 'Joy']"
681,"['Love', 'Joy']"
682,"['Love', 'Joy']"
683,"['Love', 'Anxiety']"
684,"['Anger', 'Sorrow']"
685,"['Anger', 'Hate', 'Surprise']"
686,"['Expect', 'Anxiety']"
687,"['Love', 'Sorrow']"
688,"[Expect]"
689,"['Expect', 'Love']"
690,"[Anxiety]"
691,"[Anxiety]"
692,"['Anger', 'Anxiety']"
693,"[Joy]"
694,"['Love', 'Joy']"
695,"['Anger', 'Hate', 'Surprise']"
696,"['Sorrow', 'Anxiety']"
697,"['Anger', 'Hate']"
698,"['Expect', 'Love', 'Joy']"
699,"['Love', 'Joy']"
700,"['Love', 'Joy']"
701,"[Love]"
702,"[Love]"
703,"[Anxiety]"
704,"['Sorrow', 'Anxiety']"
705,"['Love', 'Joy']"
706,"['Anger', 'Hate']"
707,"['Expect', 'Love', 'Anxiety']"
708,"['Anger', 'Hate']"
709,"['Expect', 'Love']"
710,"['Anger', 'Sorrow', 'Anxiety', 'Hate']"
711,"['Anger', 'Expect', 'Anxiety', 'Hate']"
712,"[Love]"
713,"[Anxiety]"
714,"['Expect', 'Love']"
715,"['Love', 'Joy']"
716,"[Love]"
717,"['Love', 'Joy']"
718,"['Love', 'Joy']"
719,"[Joy]"
720,"['Sorrow', 'Anxiety']"
721,"[Love]"
722,"['Anger', 'Hate']"
723,"['Love', 'Hate']"
724,"['Love', 'Joy']"
725,"['Sorrow', 'Anxiety']"
726,"['Sorrow', 'Anxiety']"
727,"['Anxiety', 'Hate']"
728,"['Sorrow', 'Anxiety']"
729,"['Love', 'Anxiety']"
730,"['Expect', 'Love']"
731,"[Love]"
732,"[Joy]"
733,"['Sorrow', 'Anxiety', 'Hate']"
734,"['Love', 'Joy']"
735,"['Expect', 'Sorrow', 'Anxiety']"
736,"['Anger', 'Hate']"
737,"['Anger', 'Anxiety', 'Hate']"
738,"[Love]"
739,"['Love', 'Sorrow', 'Anxiety']"
740,"['Love', 'Sorrow', 'Anxiety']"
741,"[Anxiety]"
742,"['Sorrow', 'Anxiety']"
743,"['Love', 'Sorrow', 'Anxiety']"
744,"['Anger', 'Hate']"
745,"['Sorrow', 'Anxiety']"
746,"['Expect', 'Love', 'Joy']"
747,"[Sorrow]"
748,"[Love]"
749,"['Expect', 'Anxiety']"
750,"['Anxiety', 'Hate']"
751,"['Sorrow', 'Anxiety']"
752,"['Expect', 'Joy']"
753,"['Expect', 'Love']"
754,"['Sorrow', 'Anxiety']"
755,"['Love', 'Joy']"
756,"['Anxiety', 'Surprise']"
757,"['Love', 'Anxiety']"
758,"['Sorrow', 'Anxiety']"
759,"['Expect', 'Love', 'Joy']"
760,"[Anxiety]"
761,"[Sorrow]"
762,"['Sorrow', 'Anxiety']"
763,"['Expect', 'Love', 'Joy']"
764,"['Sorrow', 'Anxiety']"
765,"[Love]"
766,"['Anger', 'Expect', 'Anxiety', 'Hate']"
767,"[Love]"
768,"['Anxiety', 'Hate']"
769,"['Anxiety', 'Hate']"
770,"[Anxiety]"
771,"['Love', 'Joy']"
772,"[Anxiety]"
773,"['Anger', 'Sorrow', 'Anxiety']"
774,"['Sorrow', 'Anxiety']"
775,"['Love', 'Surprise']"
776,"[Anxiety]"
777,"['Sorrow', 'Anxiety']"
778,"['Expect', 'Love']"
779,"['Sorrow', 'Anxiety']"
780,"[Anxiety]"
781,"[Love]"
782,"[Love]"
783,"['Expect', 'Joy']"
784,"['Anger', 'Hate']"
785,"['Anger', 'Hate']"
786,"['Anxiety', 'Hate']"
787,"[Anxiety]"
788,"['Sorrow', 'Anxiety']"
789,"['Love', 'Joy']"
790,"[Love]"
791,"[Anxiety]"
792,"['Sorrow', 'Anxiety', 'Hate']"
793,"['Love', 'Joy']"
794,"[Anxiety]"
795,"[Joy]"
796,"[Anxiety]"
797,"[Love]"
798,"['Expect', 'Love']"
799,"['Expect', 'Love']"
800,"[Love]"
801,"['Expect', 'Anxiety']"
802,"['Sorrow', 'Anxiety']"
803,"['Anger', 'Hate']"
804,"[Anxiety]"
805,"['Expect', 'Love', 'Joy']"
806,"[Love]"
807,"['Sorrow', 'Anxiety']"
808,"['Anger', 'Hate', 'Surprise']"
809,"['Expect', 'Love', 'Joy']"
810,"['Expect', 'Love', 'Joy']"
811,"['Anger', 'Love', 'Hate']"
812,"['Anxiety', 'Surprise']"
813,"['Anxiety', 'Hate']"
814,"['Love', 'Joy']"
815,"['Anger', 'Love']"
816,"['Anger', 'Anxiety']"
817,"['Expect', 'Love', 'Joy']"
818,"['Love', 'Joy']"
819,"['Expect', 'Joy']"
820,"['Love', 'Joy', 'Surprise']"
821,"['Sorrow', 'Anxiety']"
822,"['Sorrow', 'Anxiety']"
823,"['Anger', 'Anxiety']"
824,"['Love', 'Joy']"
825,"['Love', 'Joy']"
826,"['Anger', 'Sorrow', 'Anxiety']"
827,"['Love', 'Sorrow', 'Anxiety', 'Joy']"
828,"[Expect]"
829,"['Anger', 'Hate']"
830,"['Love', 'Hate']"
831,"['Sorrow', 'Anxiety']"
832,"['Love', 'Joy']"
833,"['Expect', 'Love']"
834,"['Anger', 'Hate']"
835,"['Anger', 'Expect', 'Hate']"
836,"['Sorrow', 'Anxiety', 'Surprise']"
837,"['Anger', 'Anxiety']"
838,"['Sorrow', 'Anxiety']"
839,"['Expect', 'Anxiety', 'Hate']"
840,"[Love]"
841,"[Expect]"
842,"['Expect', 'Love']"
843,"['Love', 'Joy']"
844,"['Love', 'Joy']"
845,"['Anger', 'Hate']"
846,"['Anger', 'Sorrow', 'Hate']"
847,"[Love]"
848,"['Expect', 'Anxiety']"
849,"[Love]"
850,"['Anger', 'Anxiety']"
851,"['Expect', 'Love', 'Joy']"
852,"['Sorrow', 'Anxiety']"
853,"['Love', 'Joy']"
854,"[Sorrow]"
855,"['Love', 'Joy']"
856,"['Expect', 'Love']"
857,"['Love', 'Joy']"
858,"['Expect', 'Hate']"
859,"['Hate', 'Surprise']"
860,"[Surprise]"
861,"[Sorrow]"
862,"['Anxiety', 'Surprise']"
863,"[Anxiety]"
864,"[Love]"
865,"['Sorrow', 'Anxiety']"
866,"[Sorrow]"
867,"[Love]"
868,"[Love]"
869,"[Love]"
870,"['Expect', 'Love', 'Joy']"
871,"['Anger', 'Anxiety', 'Hate']"
872,"['Love', 'Joy']"
873,"['Expect', 'Love', 'Joy']"
874,"['Love', 'Joy']"
875,"['Sorrow', 'Anxiety']"
876,"['Anger', 'Anxiety']"
877,"['Sorrow', 'Anxiety']"
878,"['Anger', 'Sorrow', 'Anxiety']"
879,"['Expect', 'Love', 'Joy']"
880,"['Expect', 'Love', 'Hate']"
881,"['Sorrow', 'Anxiety', 'Hate']"
882,"[Love]"
883,"['Sorrow', 'Anxiety']"
884,"['Sorrow', 'Anxiety']"
885,"['Sorrow', 'Anxiety']"
886,"[Anxiety]"
887,"['Sorrow', 'Anxiety', 'Hate']"
888,"['Sorrow', 'Anxiety']"
889,"['Anger', 'Sorrow', 'Anxiety']"
890,"['Sorrow', 'Anxiety']"
891,"['Sorrow', 'Surprise']"
892,"['Sorrow', 'Anxiety']"
893,"['Love', 'Joy']"
894,"[Anxiety]"
895,"['Expect', 'Love']"
896,"[Anger]"
897,"[Love]"
898,"['Expect', 'Love']"
899,"['Love', 'Surprise']"
900,"['Anger', 'Anxiety']"
901,"['Love', 'Joy']"
902,"['Love', 'Sorrow']"
903,"['Love', 'Joy']"
904,"['Anger', 'Sorrow', 'Anxiety']"
905,"['Anger', 'Anxiety', 'Hate']"
906,"['Love', 'Sorrow', 'Anxiety']"
907,"['Expect', 'Love', 'Joy']"
908,"['Expect', 'Love', 'Joy']"
909,"['Love', 'Sorrow', 'Anxiety']"
910,"['Expect', 'Love', 'Joy']"
911,"['Expect', 'Anxiety']"
912,"['Expect', 'Anxiety']"
913,"['Anger', 'Hate']"
914,"['Anger', 'Hate', 'Surprise']"
915,"[Love]"
916,"['Expect', 'Sorrow', 'Anxiety', 'Hate']"
917,"[Sorrow]"
918,"['Anger', 'Anxiety']"
919,"['Expect', 'Love']"
920,"[Love]"
921,"['Sorrow', 'Anxiety', 'Hate']"
922,"[Love]"
923,"['Expect', 'Love', 'Joy']"
924,"[Anxiety]"
925,"[Love]"
926,"['Anger', 'Hate']"
927,"[Anxiety]"
928,"['Anxiety', 'Hate']"
929,"['Anger', 'Sorrow', 'Anxiety']"
930,"['Anxiety', 'Hate']"
931,"[Love]"
932,"[Love]"
933,"['Love', 'Hate']"
934,"['Sorrow', 'Anxiety']"
935,"[Love]"
936,"['Expect', 'Anxiety', 'Hate']"
937,"['Sorrow', 'Anxiety']"
938,"['Love', 'Joy']"
939,"['Love', 'Hate']"
940,"['Sorrow', 'Anxiety']"
941,"['Love', 'Anxiety']"
942,"[Love]"
943,"[Anger]"
944,"['Anger', 'Sorrow', 'Anxiety']"
945,"['Anger', 'Sorrow', 'Surprise']"
946,"['Anger', 'Anxiety', 'Hate']"
947,"['Expect', 'Love', 'Joy']"
948,"[Expect]"
949,"['Love', 'Joy']"
950,"['Love', 'Joy']"
951,"['Sorrow', 'Anxiety']"
952,"['Expect', 'Hate']"
953,"[Love]"
954,"[Anxiety]"
955,"['Anger', 'Hate']"
956,"['Sorrow', 'Anxiety']"
957,"[Anxiety]"
958,"['Sorrow', 'Anxiety']"
959,"['Anger', 'Hate']"
960,"['Love', 'Joy']"
961,"['Anger', 'Anxiety', 'Hate']"
962,"['Sorrow', 'Anxiety']"
963,"['Love', 'Joy']"
964,"['Sorrow', 'Anxiety']"
965,"['Sorrow', 'Anxiety']"
966,"['Anxiety', 'Hate']"
967,"['Love', 'Surprise']"
968,"['Love', 'Joy']"
969,"['Sorrow', 'Anxiety']"
970,"[Love]"
971,"[Anxiety]"
972,"[Love]"
973,"['Love', 'Sorrow', 'Joy']"
974,"['Love', 'Joy']"
975,"[Anxiety]"
976,"['Anger', 'Expect', 'Hate']"
977,"['Expect', 'Love']"
978,"['Expect', 'Love']"
979,"['Sorrow', 'Anxiety']"
980,"['Love', 'Joy']"
981,"['Anger', 'Anxiety']"
982,"['Anger', 'Hate']"
983,"['Expect', 'Love']"
984,"['Anger', 'Hate']"
985,"['Sorrow', 'Anxiety']"
986,"['Sorrow', 'Anxiety', 'Surprise']"
987,"['Sorrow', 'Anxiety', 'Hate']"
988,"['Love', 'Sorrow', 'Anxiety']"
989,"['Expect', 'Love']"
990,"['Sorrow', 'Anxiety', 'Hate']"
991,"['Love', 'Joy']"
992,"['Love', 'Joy']"
993,"['Love', 'Surprise']"
994,"['Sorrow', 'Anxiety']"
995,"['Anger', 'Sorrow', 'Hate']"
996,"['Expect', 'Anxiety', 'Hate']"
997,"['Love', 'Joy']"
998,"['Expect', 'Love', 'Sorrow', 'Anxiety']"
999,"[Love]"
1000,"['Sorrow', 'Anxiety']"
1001,"['Sorrow', 'Anxiety']"
1002,"['Anger', 'Sorrow', 'Anxiety']"
1003,"['Anger', 'Hate']"
1004,"[Love]"
1005,"['Expect', 'Sorrow', 'Anxiety', 'Hate']"
1006,"['Sorrow', 'Anxiety']"
1007,"['Expect', 'Love', 'Joy']"
1008,"[Love]"
1009,"[Joy]"
1010,"[Anxiety]"
1011,"[Surprise]"
1012,"['Expect', 'Joy']"
1013,"['Love', 'Joy']"
1014,"['Anger', 'Sorrow', 'Hate']"
1015,"['Sorrow', 'Anxiety']"
1016,"['Love', 'Sorrow']"
1017,"[Anxiety]"
1018,"['Love', 'Sorrow', 'Anxiety']"
1019,"['Sorrow', 'Anxiety']"
1020,"['Love', 'Joy']"
1021,"['Love', 'Sorrow', 'Anxiety']"
1022,"['Anxiety', 'Joy']"
1023,"['Expect', 'Love', 'Joy']"
1024,"['Sorrow', 'Anxiety', 'Hate']"
1025,"['Sorrow', 'Anxiety', 'Hate']"
1026,"['Sorrow', 'Anxiety']"
1027,"['Sorrow', 'Anxiety']"
1028,"['Sorrow', 'Anxiety']"
1029,"['Anger', 'Expect', 'Anxiety']"
1030,"['Sorrow', 'Anxiety', 'Hate']"
1031,"[Sorrow]"
1032,"['Expect', 'Hate']"
1033,"['Love', 'Anxiety']"
1034,"[Love]"
1035,"['Love', 'Joy']"
1036,"['Anxiety', 'Surprise']"
1037,"['Love', 'Joy']"
1038,"['Expect', 'Anxiety']"
1039,"['Anger', 'Sorrow', 'Anxiety', 'Hate']"
1040,"['Love', 'Sorrow', 'Anxiety']"
1041,"['Expect', 'Love', 'Joy']"
1042,"[Love]"
1043,"[Anxiety]"
1044,"[Anxiety]"
1045,"['Sorrow', 'Anxiety']"
1046,"['Sorrow', 'Anxiety']"
1047,"['Love', 'Joy']"
1048,"['Anger', 'Hate']"
1049,"['Anxiety', 'Hate']"
1050,"[Expect]"
1051,"['Sorrow', 'Anxiety']"
1052,"[Anxiety]"
1053,"['Love', 'Anxiety']"
1054,"['Anger', 'Hate']"
1055,"[Anxiety]"
1056,"[Love]"
1057,"['Anxiety', 'Hate']"
1058,"['Anxiety', 'Hate']"
1059,"[Expect]"
1060,"['Anger', 'Anxiety']"
1061,"['Sorrow', 'Anxiety']"
1062,"['Love', 'Anxiety', 'Hate']"
1063,"['Expect', 'Anxiety']"
1064,"['Sorrow', 'Anxiety']"
1065,"['Love', 'Joy']"
1066,"['Anger', 'Sorrow', 'Anxiety', 'Hate']"
1067,"['Love', 'Joy']"
1068,"['Love', 'Sorrow', 'Anxiety', 'Joy']"
1069,"['Expect', 'Love', 'Hate']"
1070,"['Love', 'Sorrow', 'Anxiety']"
1071,"[Anxiety]"
1072,"['Sorrow', 'Anxiety', 'Hate']"
1073,"[Sorrow]"
1074,"['Expect', 'Love', 'Joy']"
1075,"['Anger', 'Hate']"
1076,"[Expect]"
1077,"['Love', 'Joy', 'Surprise']"
1078,"[Love]"
1079,"['Anger', 'Anxiety', 'Hate']"
1080,"['Sorrow', 'Anxiety']"
1081,"['Expect', 'Anxiety']"
1082,"['Sorrow', 'Anxiety', 'Hate']"
1083,"['Anger', 'Sorrow']"
1084,"[Love]"
1085,"[Joy]"
1086,"['Sorrow', 'Anxiety']"
1087,"['Love', 'Joy']"
1088,"[Love]"
1089,"['Love', 'Joy']"
1090,"['Love', 'Joy']"
1091,"['Anger', 'Anxiety', 'Hate']"
1092,"['Sorrow', 'Anxiety']"
1093,"[]"
1094,"['Love', 'Joy']"
1095,"['Love', 'Sorrow', 'Anxiety']"
1096,"['Anger', 'Anxiety', 'Hate']"
1097,"['Anger', 'Hate']"
1098,"['Expect', 'Love', 'Joy']"
1099,"['Anger', 'Anxiety', 'Hate']"
1100,"['Sorrow', 'Anxiety']"
1101,"['Love', 'Joy']"
1102,"[Love]"
1103,"['Love', 'Joy']"
1104,"['Love', 'Surprise']"
1105,"['Anger', 'Hate']"
1106,"[Sorrow]"
1107,"['Anxiety', 'Hate']"
1108,"[Expect]"
1109,"['Anger', 'Hate']"
1110,"['Love', 'Joy']"
1111,"[Surprise]"
1112,"['Love', 'Sorrow']"
1113,"['Anxiety', 'Surprise']"
1114,"[Love]"
1115,"['Anger', 'Sorrow', 'Anxiety']"
1116,"['Expect', 'Love', 'Joy']"
1117,"['Expect', 'Love', 'Joy']"
1118,"[Hate]"
1119,"['Expect', 'Love']"
1120,"['Sorrow', 'Anxiety', 'Hate']"
1121,"['Expect', 'Love']"
1122,"[Anxiety]"
1123,"['Anger', 'Sorrow', 'Anxiety']"
1124,"['Sorrow', 'Anxiety', 'Hate']"
1125,"['Expect', 'Sorrow', 'Anxiety']"
1126,"[Anxiety]"
1127,"['Love', 'Sorrow']"
1128,"['Love', 'Anxiety', 'Joy']"
1129,"['Anger', 'Hate']"
1130,"['Anger', 'Sorrow', 'Hate']"
1131,"['Anger', 'Expect', 'Anxiety', 'Hate']"
1132,"[Love]"
1133,"['Anger', 'Expect', 'Anxiety', 'Hate']"
1134,"['Love', 'Joy']"
1135,"['Expect', 'Love']"
1136,"['Anger', 'Hate']"
1137,"['Anger', 'Hate']"
1138,"[Love]"
1139,"['Joy', 'Surprise']"
1140,"['Love', 'Joy']"
1141,"['Anger', 'Sorrow', 'Anxiety']"
1142,"['Expect', 'Love']"
1143,"['Sorrow', 'Anxiety']"
1144,"['Expect', 'Love']"
1145,"['Anger', 'Sorrow', 'Anxiety', 'Hate', 'Surprise']"
1146,"['Anxiety', 'Hate']"
1147,"['Expect', 'Love']"
1148,"[Sorrow]"
1149,"[Hate]"
1150,"['Expect', 'Love', 'Joy']"
1151,"['Love', 'Joy']"
1152,"[Joy]"
1153,"['Love', 'Joy']"
1154,"[Anger]"
1155,"['Expect', 'Love', 'Joy']"
1156,"['Love', 'Joy']"
1157,"['Sorrow', 'Anxiety']"
1158,"['Love', 'Joy']"
1159,"['Expect', 'Love', 'Sorrow', 'Anxiety', 'Joy']"
1160,"['Sorrow', 'Anxiety']"
1161,"['Love', 'Joy']"
1162,"['Love', 'Surprise']"
1163,"['Expect', 'Love', 'Joy']"
1164,"['Hate', 'Surprise']"
1165,"['Sorrow', 'Anxiety', 'Hate']"
1166,"['Sorrow', 'Anxiety']"
1167,"[Love]"
1168,"['Expect', 'Love', 'Joy']"
1169,"['Anger', 'Sorrow', 'Anxiety']"
1170,"['Anger', 'Hate']"
1171,"[Love]"
1172,"[Expect]"
1173,"['Expect', 'Love', 'Joy']"
1174,"['Anxiety', 'Joy']"
1175,"['Sorrow', 'Anxiety', 'Hate']"
1176,"[Expect]"
1177,"['Sorrow', 'Anxiety']"
1178,"['Love', 'Joy']"
1179,"[Love]"
1180,"['Anger', 'Sorrow', 'Anxiety']"
1181,"[Hate]"
1182,"['Expect', 'Love']"
1183,"['Expect', 'Sorrow', 'Anxiety']"
1184,"['Love', 'Joy']"
1185,"[Anxiety]"
1186,"['Sorrow', 'Hate']"
1187,"['Love', 'Sorrow', 'Joy']"
1188,"['Expect', 'Anxiety']"
1189,"['Sorrow', 'Anxiety']"
1190,"[Love]"
1191,"[Love]"
1192,"['Love', 'Joy']"
1193,"['Sorrow', 'Anxiety']"
1194,"['Sorrow', 'Anxiety', 'Hate']"
1195,"['Sorrow', 'Anxiety']"
1196,"['Sorrow', 'Anxiety']"
1197,"['Expect', 'Love', 'Joy']"
1198,"[Love]"
1199,"['Anger', 'Sorrow', 'Anxiety', 'Hate']"
1200,"[Love]"
1201,"['Expect', 'Love']"
1202,"['Love', 'Joy']"
1203,"['Love', 'Joy']"
1204,"['Love', 'Joy']"
1205,"['Love', 'Joy']"
1206,"['Expect', 'Sorrow', 'Anxiety']"
1207,"['Love', 'Sorrow', 'Anxiety']"
1208,"['Love', 'Anxiety', 'Hate']"
1209,"['Love', 'Surprise']"
1210,"[Love]"
1211,"['Expect', 'Love', 'Joy']"
1212,"['Sorrow', 'Anxiety']"
1213,"['Love', 'Joy']"
1214,"[Expect]"
1215,"[Hate]"
1216,"['Sorrow', 'Anxiety']"
1217,"['Sorrow', 'Anxiety']"
1218,"['Expect', 'Love', 'Joy']"
1219,"['Anxiety', 'Hate']"
1220,"[Love]"
1221,"['Anger', 'Hate']"
1222,"['Anger', 'Hate']"
1223,"['Expect', 'Love', 'Joy']"
1224,"['Sorrow', 'Anxiety']"
1225,"['Expect', 'Love']"
1226,"['Sorrow', 'Anxiety']"
1227,"['Sorrow', 'Anxiety']"
1228,"['Expect', 'Love', 'Anxiety']"
1229,"['Love', 'Joy']"
1230,"['Expect', 'Anxiety']"
1231,"['Sorrow', 'Anxiety', 'Hate']"
1232,"['Expect', 'Love', 'Joy']"
1233,"['Sorrow', 'Anxiety']"
1234,"['Love', 'Sorrow', 'Anxiety']"
1235,"[Anxiety]"
1236,"['Anger', 'Hate']"
1237,"[Anxiety]"
1238,"['Expect', 'Love', 'Anxiety']"
1239,"['Anxiety', 'Hate']"
1240,"['Love', 'Sorrow', 'Hate']"
1241,"['Sorrow', 'Anxiety']"
1242,"['Sorrow', 'Anxiety']"
1243,"[Love]"
1244,"['Love', 'Joy']"
1245,"['Love', 'Sorrow', 'Joy']"
1246,"['Love', 'Joy', 'Surprise']"
1247,"['Anger', 'Sorrow', 'Anxiety', 'Hate', 'Surprise']"
1248,"['Anger', 'Love']"
1249,"['Expect', 'Love']"
1250,"[Anxiety]"
1251,"['Expect', 'Anxiety']"
1252,"['Love', 'Joy']"
1253,"[Love]"
1254,"['Love', 'Sorrow']"
1255,"['Sorrow', 'Anxiety']"
1256,"['Expect', 'Joy']"
1257,"['Anger', 'Anxiety']"
1258,"['Sorrow', 'Anxiety']"
1259,"[Love]"
1260,"['Anger', 'Hate']"
1261,"['Love', 'Joy']"
1262,"['Love', 'Joy']"
1263,"['Expect', 'Love', 'Sorrow', 'Anxiety']"
1264,"[Love]"
1265,"['Expect', 'Love']"
1266,"[Anxiety]"
1267,"['Anger', 'Expect', 'Hate']"
1268,"[Love]"
1269,"['Anger', 'Hate', 'Surprise']"
1270,"['Love', 'Joy']"
1271,"[Hate]"
1272,"['Sorrow', 'Anxiety']"
1273,"[Love]"
1274,"['Sorrow', 'Anxiety']"
1275,"['Sorrow', 'Anxiety']"
1276,"['Anger', 'Anxiety', 'Hate']"
1277,"['Expect', 'Love', 'Sorrow', 'Anxiety']"
1278,"['Anger', 'Love', 'Sorrow', 'Anxiety', 'Surprise']"
1279,"['Sorrow', 'Anxiety', 'Hate']"
1280,"['Anger', 'Sorrow', 'Anxiety', 'Hate']"
1281,"['Sorrow', 'Anxiety']"
1282,"['Expect', 'Love', 'Sorrow']"
1283,"['Expect', 'Love', 'Sorrow', 'Anxiety']"
1284,"['Sorrow', 'Anxiety']"
1285,"['Expect', 'Love', 'Joy']"
1286,"['Anger', 'Sorrow', 'Hate']"
1287,"['Expect', 'Love']"
1288,"['Anger', 'Hate']"
1289,"['Love', 'Joy']"
1290,"[Love]"
1291,"['Expect', 'Love']"
1292,"['Sorrow', 'Anxiety']"
1293,"['Anger', 'Anxiety', 'Hate']"
1294,"['Sorrow', 'Anxiety']"
1295,"['Love', 'Joy']"
1296,"['Love', 'Joy']"
1297,"['Sorrow', 'Anxiety']"
1298,"['Expect', 'Anxiety']"
1299,"['Sorrow', 'Anxiety', 'Hate']"
1300,"['Sorrow', 'Anxiety']"
1301,"['Expect', 'Love']"
1302,"['Anger', 'Anxiety', 'Hate']"
1303,"['Expect', 'Love', 'Joy']"
1304,"[Love]"
1305,"['Sorrow', 'Anxiety']"
1306,"[Sorrow]"
1307,"['Love', 'Joy']"
1308,"['Expect', 'Love', 'Joy']"
1309,"['Anger', 'Anxiety', 'Hate']"
1310,"['Expect', 'Love', 'Anxiety']"
1311,"['Anger', 'Love', 'Hate', 'Joy']"
1312,"[Love]"
1313,"['Expect', 'Anxiety']"
1314,"['Sorrow', 'Anxiety', 'Hate']"
1315,"['Love', 'Sorrow', 'Anxiety']"
1316,"[Love]"
1317,"[Love]"
1318,"['Expect', 'Love']"
1319,"['Expect', 'Love']"
1320,"['Love', 'Joy']"
1321,"['Anxiety', 'Surprise']"
1322,"['Sorrow', 'Anxiety', 'Hate']"
1323,"[Love]"
1324,"['Love', 'Hate']"
1325,"['Anger', 'Anxiety']"
1326,"[Love]"
1327,"[Love]"
1328,"['Love', 'Joy']"
1329,"[Anxiety]"
1330,"['Love', 'Joy']"
1331,"['Anger', 'Sorrow', 'Anxiety', 'Hate']"
1332,"['Expect', 'Anxiety']"
1333,"[Love]"
1334,"['Anger', 'Anxiety', 'Hate']"
1335,"['Sorrow', 'Anxiety']"
1336,"['Love', 'Joy']"
1337,"['Sorrow', 'Anxiety']"
1338,"['Expect', 'Sorrow', 'Anxiety']"
1339,"['Love', 'Joy']"
1340,"['Love', 'Sorrow', 'Anxiety']"
1341,"['Expect', 'Love']"
1342,"['Sorrow', 'Anxiety']"
1343,"['Expect', 'Love']"
1344,"['Love', 'Joy']"
1345,"['Anger', 'Hate']"
1346,"['Love', 'Joy']"
1347,"['Sorrow', 'Anxiety']"
1348,"['Anger', 'Hate']"
1349,"['Expect', 'Love']"
1350,"[Anxiety]"
1351,"['Anxiety', 'Surprise']"
1352,"[Sorrow]"
1353,"['Love', 'Joy']"
1354,"['Expect', 'Love', 'Joy']"
1355,"[Anxiety]"
1356,"[Love]"
1357,"['Anger', 'Hate', 'Joy']"
1358,"[Love]"
1359,"['Anger', 'Hate']"
1360,"['Sorrow', 'Anxiety']"
1361,"['Sorrow', 'Anxiety']"
1362,"['Sorrow', 'Anxiety']"
1363,"['Anxiety', 'Hate']"
1364,"['Love', 'Sorrow']"
1365,"['Anger', 'Anxiety']"
1366,"['Love', 'Joy']"
1367,"[Anxiety]"
1368,"['Anger', 'Sorrow', 'Hate']"
1369,"['Anger', 'Expect', 'Anxiety', 'Hate']"
1370,"['Anger', 'Sorrow', 'Hate']"
1371,"['Love', 'Joy']"
1372,"['Love', 'Joy']"
1373,"[Hate]"
1374,"['Anger', 'Hate']"
1375,"['Anger', 'Anxiety', 'Hate']"
1376,"['Anger', 'Sorrow', 'Anxiety', 'Hate']"
1377,"['Sorrow', 'Anxiety', 'Hate']"
1378,"[Love]"
1379,"['Anger', 'Sorrow', 'Anxiety']"
1380,"['Sorrow', 'Anxiety', 'Hate']"
1381,"['Anger', 'Sorrow', 'Anxiety', 'Hate']"
1382,"['Love', 'Joy']"
1383,"[Love]"
1384,"['Anger', 'Anxiety', 'Hate']"
1385,"['Anger', 'Expect', 'Anxiety']"
1386,"['Expect', 'Sorrow', 'Anxiety']"
1387,"[Sorrow]"
1388,"['Anxiety', 'Joy']"
1389,"[Love]"
1390,"['Love', 'Joy']"
1391,"[Sorrow]"
1392,"[Anxiety]"
1393,"['Love', 'Sorrow', 'Anxiety']"
1394,"[Love]"
1395,"[Anxiety]"
1396,"['Expect', 'Anxiety']"
1397,"[Joy]"
1398,"['Sorrow', 'Anxiety']"
1399,"[Anxiety]"
1400,"['Sorrow', 'Anxiety']"
1401,"['Expect', 'Anxiety']"
1402,"['Anger', 'Anxiety', 'Hate']"
1403,"['Sorrow', 'Anxiety']"
1404,"[Love]"
1405,"['Expect', 'Anxiety']"
1406,"['Love', 'Sorrow', 'Anxiety']"
1407,"['Anger', 'Hate']"
1408,"['Expect', 'Anxiety']"
1409,"['Love', 'Joy']"
1410,"[Anxiety]"
1411,"[Love]"
1412,"['Sorrow', 'Anxiety']"
1413,"[Anxiety]"
1414,"['Love', 'Surprise']"
1415,"['Love', 'Joy']"
1416,"['Sorrow', 'Anxiety']"
1417,"['Anger', 'Sorrow', 'Anxiety', 'Hate']"
1418,"['Expect', 'Anxiety']"
1419,"['Anger', 'Anxiety', 'Hate']"
1420,"[Joy]"
1421,"['Anger', 'Sorrow', 'Hate']"
1422,"['Love', 'Joy']"
1423,"[Love]"
1424,"['Love', 'Sorrow', 'Anxiety']"
1425,"[Love]"
1426,"['Anxiety', 'Surprise']"
1427,"['Love', 'Anxiety']"
1428,"[Expect]"
1429,"['Anger', 'Anxiety', 'Hate']"
1430,"['Love', 'Joy']"
1431,"['Expect', 'Love']"
1432,"['Anger', 'Hate']"
1433,"['Expect', 'Love', 'Anxiety']"
1434,"['Anger', 'Hate']"
1435,"[Expect]"
1436,"[Expect]"
1437,"[Love]"
1438,"[Love]"
1439,"[Anxiety]"
1440,"['Expect', 'Love']"
1441,"['Love', 'Sorrow', 'Anxiety']"
1442,"[Anxiety]"
1443,"['Sorrow', 'Anxiety', 'Hate']"
1444,"['Love', 'Joy']"
1445,"['Love', 'Hate']"
1446,"['Expect', 'Sorrow', 'Anxiety', 'Hate']"
1447,"['Love', 'Joy']"
1448,"['Expect', 'Sorrow', 'Anxiety']"
1449,"['Expect', 'Love']"
1450,"[Love]"
1451,"['Sorrow', 'Anxiety']"
1452,"[Love]"
1453,"['Anger', 'Hate']"
1454,"[Love]"
1455,"['Anger', 'Sorrow', 'Anxiety', 'Hate']"
1456,"['Expect', 'Love', 'Joy']"
1457,"['Sorrow', 'Anxiety']"
1458,"[Anxiety]"
1459,"[Expect]"
1460,"['Anger', 'Expect', 'Hate']"
1461,"['Expect', 'Anxiety']"
1462,"['Love', 'Joy']"
1463,"['Anger', 'Hate']"
1464,"[Love]"
1465,"[Anxiety]"
1466,"['Love', 'Hate']"
1467,"['Expect', 'Love', 'Joy']"
1468,"['Love', 'Joy']"
1469,"['Anger', 'Anxiety', 'Hate']"
1470,"['Anger', 'Sorrow', 'Anxiety', 'Hate']"
1471,"[Love]"
1472,"[Joy]"
1473,"['Sorrow', 'Anxiety']"
1474,"[Love]"
1475,"['Expect', 'Joy']"
1476,"[Love]"
1477,"['Love', 'Joy']"
1478,"[Love]"
1479,"['Love', 'Joy']"
1480,"['Anger', 'Hate']"
1481,"['Love', 'Sorrow', 'Anxiety']"
1482,"['Love', 'Anxiety']"
1483,"['Anger', 'Anxiety']"
1484,"[Love]"
1485,"['Sorrow', 'Anxiety']"
1486,"['Expect', 'Love']"
1487,"['Sorrow', 'Anxiety']"
1488,"['Anger', 'Expect', 'Anxiety']"
1489,"['Sorrow', 'Anxiety']"
1490,"[Hate]"
1491,"['Sorrow', 'Anxiety']"
1492,"['Sorrow', 'Anxiety']"
1493,"['Sorrow', 'Anxiety']"
1494,"[Sorrow]"
1495,"['Love', 'Joy']"
1496,"['Love', 'Joy']"
1497,"[Love]"
1498,"['Anger', 'Hate', 'Surprise']"
1499,"['Expect', 'Love', 'Joy']"
1500,"['Love', 'Joy']"
1501,"['Sorrow', 'Anxiety']"
1502,"['Love', 'Joy']"
1503,"['Love', 'Joy']"
1504,"['Expect', 'Love', 'Joy']"
1505,"[Hate]"
1506,"[Anxiety]"
1507,"['Anger', 'Hate']"
1508,"['Expect', 'Love']"
1509,"['Expect', 'Sorrow', 'Anxiety']"
1510,"['Sorrow', 'Anxiety']"
1511,"['Sorrow', 'Anxiety']"
1512,"['Sorrow', 'Anxiety']"
1513,"['Anger', 'Sorrow', 'Anxiety']"
1514,"['Love', 'Anxiety']"
1515,"['Love', 'Hate']"
1516,"['Expect', 'Love', 'Joy']"
1517,"['Expect', 'Love', 'Joy']"
1518,"['Sorrow', 'Anxiety']"
1519,"['Anger', 'Anxiety', 'Hate']"
1520,"['Love', 'Joy', 'Surprise']"
1521,"['Sorrow', 'Anxiety']"
1522,"['Sorrow', 'Anxiety']"
1523,"['Sorrow', 'Anxiety', 'Hate']"
1524,"['Anger', 'Hate']"
1525,"['Anxiety', 'Hate']"
1526,"[Love]"
1527,"['Love', 'Sorrow', 'Joy']"
1528,"['Anxiety', 'Surprise']"
1529,"[Love]"
1530,"['Anxiety', 'Hate']"
1531,"[Joy]"
1532,"['Anger', 'Expect', 'Love', 'Hate', 'Joy']"
1533,"['Love', 'Joy']"
1534,"['Expect', 'Anxiety']"
1535,"['Anger', 'Hate']"
1536,"['Love', 'Joy']"
1537,"[Anxiety]"
1538,"['Anger', 'Anxiety', 'Hate']"
1539,"['Love', 'Joy']"
1540,"['Anger', 'Anxiety', 'Hate']"
1541,"['Anger', 'Hate']"
1542,"[Love]"
1543,"['Expect', 'Love']"
1544,"['Sorrow', 'Anxiety']"
1545,"[Love]"
1546,"['Expect', 'Joy']"
1547,"[Anxiety]"
1548,"[Anxiety]"
1549,"[Sorrow]"
1550,"['Expect', 'Anxiety', 'Joy']"
1551,"['Sorrow', 'Anxiety']"
1552,"[Anxiety]"
1553,"['Anger', 'Hate']"
1554,"[Love]"
1555,"[Anxiety]"
1556,"['Sorrow', 'Anxiety']"
1557,"['Anger', 'Anxiety', 'Hate']"
1558,"[Anxiety]"
1559,"['Anger', 'Anxiety', 'Hate']"
1560,"['Love', 'Sorrow']"
1561,"['Anxiety', 'Surprise']"
1562,"['Love', 'Joy']"
1563,"[Love]"
1564,"['Expect', 'Love']"
1565,"[Sorrow]"
1566,"['Anger', 'Love', 'Hate']"
1567,"['Anger', 'Hate']"
1568,"['Sorrow', 'Anxiety']"
1569,"[Love]"
1570,"['Sorrow', 'Anxiety']"
1571,"['Anger', 'Anxiety', 'Surprise']"
1572,"['Love', 'Sorrow']"
1573,"[Anxiety]"
1574,"[Sorrow]"
1575,"['Sorrow', 'Anxiety']"
1576,"[Anxiety]"
1577,"[Love]"
1578,"['Expect', 'Love']"
1579,"[Anxiety]"
1580,"['Expect', 'Sorrow', 'Anxiety', 'Hate']"
1581,"[Expect]"
1582,"['Love', 'Joy']"
1583,"[Anxiety]"
1584,"['Sorrow', 'Anxiety']"
1585,"['Sorrow', 'Anxiety']"
1586,"['Sorrow', 'Anxiety']"
1587,"[Sorrow]"
1588,"['Sorrow', 'Anxiety']"
1589,"['Expect', 'Love', 'Joy']"
1590,"[Anxiety]"
1591,"['Sorrow', 'Anxiety', 'Hate']"
1592,"['Love', 'Joy']"
1593,"['Anger', 'Hate']"
1594,"['Sorrow', 'Anxiety', 'Hate']"
1595,"['Sorrow', 'Anxiety', 'Hate']"
1596,"[Joy]"
1597,"['Expect', 'Sorrow', 'Anxiety']"
1598,"[Love]"
1599,"['Anger', 'Hate']"
1600,"['Anxiety', 'Surprise']"
1601,"[Anxiety]"
1602,"[Anxiety]"
1603,"['Sorrow', 'Anxiety']"
1604,"[Surprise]"
1605,"['Anxiety', 'Hate']"
1606,"['Love', 'Joy']"
1607,"[Love]"
1608,"['Expect', 'Love', 'Joy']"
1609,"['Anxiety', 'Surprise']"
1610,"[Anxiety]"
1611,"['Anger', 'Sorrow', 'Anxiety']"
1612,"['Sorrow', 'Anxiety']"
1613,"['Anger', 'Anxiety']"
1614,"['Anger', 'Sorrow', 'Anxiety', 'Hate']"
1615,"['Sorrow', 'Anxiety']"
1616,"[Love]"
1617,"['Expect', 'Love']"
1618,"['Anger', 'Hate']"
1619,"['Expect', 'Love']"
1620,"[Anxiety]"
1621,"['Expect', 'Love']"
1622,"['Anger', 'Anxiety', 'Hate']"
1623,"['Sorrow', 'Anxiety']"
1624,"['Sorrow', 'Anxiety', 'Hate']"
1625,"['Expect', 'Love', 'Hate', 'Joy']"
1626,"['Expect', 'Love', 'Joy']"
1627,"['Anger', 'Hate']"
1628,"['Anger', 'Anxiety']"
1629,"['Sorrow', 'Anxiety']"
1630,"['Love', 'Joy']"
1631,"['Expect', 'Anxiety']"
1632,"[Love]"
1633,"['Sorrow', 'Anxiety']"
1634,"[Love]"
1635,"['Expect', 'Love']"
1636,"['Anger', 'Hate']"
1637,"['Sorrow', 'Anxiety', 'Hate']"
1638,"[Love]"
1639,"[Joy]"
1640,"['Sorrow', 'Anxiety']"
1641,"['Anger', 'Hate', 'Surprise']"
1642,"['Expect', 'Love', 'Joy']"
1643,"['Love', 'Sorrow', 'Anxiety']"
1644,"['Sorrow', 'Anxiety']"
1645,"['Expect', 'Love']"
1646,"['Sorrow', 'Hate']"
1647,"[Love]"
1648,"['Love', 'Joy']"
1649,"['Love', 'Anxiety']"
1650,"[Expect]"
1651,"['Love', 'Joy']"
1652,"['Sorrow', 'Anxiety']"
1653,"['Sorrow', 'Anxiety']"
1654,"['Sorrow', 'Anxiety']"
1655,"['Sorrow', 'Anxiety']"
1656,"['Anxiety', 'Hate']"
1657,"['Anger', 'Love', 'Hate', 'Joy']"
1658,"[Love]"
1659,"[Anxiety]"
1660,"['Love', 'Joy']"
1661,"['Anger', 'Sorrow', 'Hate']"
1662,"['Expect', 'Love']"
1663,"['Anger', 'Expect', 'Hate']"
1664,"['Love', 'Sorrow']"
1665,"[Love]"
1666,"['Anger', 'Anxiety']"
1667,"['Sorrow', 'Anxiety']"
1668,"[Love]"
1669,"[Love]"
1670,"[Love]"
1671,"['Expect', 'Love']"
1672,"['Sorrow', 'Anxiety', 'Hate']"
1673,"[Love]"
1674,"['Expect', 'Anxiety']"
1675,"[Love]"
1676,"['Sorrow', 'Anxiety']"
1677,"[Love]"
1678,"['Anger', 'Anxiety']"
1679,"['Sorrow', 'Anxiety', 'Hate']"
1680,"['Expect', 'Love']"
1681,"['Anger', 'Anxiety']"
1682,"['Sorrow', 'Anxiety']"
1683,"['Love', 'Joy']"
1684,"['Sorrow', 'Anxiety']"
1685,"['Expect', 'Anxiety']"
1686,"[Sorrow]"
1687,"[Love]"
1688,"['Anger', 'Sorrow', 'Hate']"
1689,"['Expect', 'Love', 'Joy']"
1690,"['Love', 'Joy']"
1691,"['Anger', 'Anxiety', 'Hate', 'Surprise']"
1692,"['Sorrow', 'Anxiety']"
1693,"[Anxiety]"
1694,"[Love]"
1695,"['Love', 'Joy']"
1696,"['Sorrow', 'Anxiety']"
1697,"[Joy]"
1698,"['Love', 'Hate', 'Joy']"
1699,"['Sorrow', 'Anxiety', 'Hate', 'Surprise']"
1700,"[Love]"
1701,"['Anxiety', 'Hate']"
1702,"['Anger', 'Anxiety']"
1703,"[Anxiety]"
1704,"['Sorrow', 'Anxiety']"
1705,"['Sorrow', 'Anxiety']"
1706,"['Expect', 'Love', 'Joy']"
1707,"[Love]"
1708,"['Love', 'Joy']"
1709,"[Sorrow]"
1710,"['Love', 'Joy']"
1711,"[Love]"
1712,"['Expect', 'Anxiety']"
1713,"['Anger', 'Hate']"
1714,"['Love', 'Anxiety', 'Hate']"
1715,"['Sorrow', 'Anxiety']"
1716,"['Expect', 'Love', 'Joy']"
1717,"[Hate]"
1718,"['Anger', 'Hate']"
1719,"['Love', 'Joy']"
1720,"['Anger', 'Anxiety']"
1721,"['Sorrow', 'Anxiety']"
1722,"['Love', 'Joy']"
1723,"['Sorrow', 'Anxiety']"
1724,"['Expect', 'Sorrow', 'Anxiety']"
1725,"['Sorrow', 'Anxiety', 'Hate']"
1726,"[Anxiety]"
1727,"[Love]"
1728,"['Sorrow', 'Anxiety', 'Hate']"
1729,"['Sorrow', 'Anxiety']"
1730,"[Love]"
1731,"['Sorrow', 'Anxiety', 'Hate']"
1732,"['Love', 'Joy']"
1733,"['Expect', 'Anxiety']"
1734,"['Love', 'Anxiety']"
1735,"['Sorrow', 'Anxiety']"
1736,"[Anxiety]"
1737,"[Love]"
1738,"['Love', 'Hate']"
1739,"['Expect', 'Love']"
1740,"['Anger', 'Hate']"
1741,"['Love', 'Joy']"
1742,"[Hate]"
1743,"[Anxiety]"
1744,"['Love', 'Joy']"
1745,"['Love', 'Joy']"
1746,"['Expect', 'Love', 'Joy']"
1747,"['Love', 'Joy']"
1748,"[Joy]"
1749,"['Anxiety', 'Surprise']"
1750,"['Love', 'Joy']"
1751,"['Expect', 'Love', 'Joy']"
1752,"['Expect', 'Love', 'Sorrow']"
1753,"['Sorrow', 'Anxiety']"
1754,"['Expect', 'Sorrow', 'Anxiety']"
1755,"[Hate]"
1756,"['Expect', 'Love']"
1757,"['Sorrow', 'Anxiety']"
1758,"['Expect', 'Anxiety']"
1759,"[Joy]"
1760,"['Anger', 'Hate']"
1761,"['Love', 'Surprise']"
1762,"['Anger', 'Expect', 'Love', 'Sorrow', 'Anxiety', 'Hate']"
1763,"['Anger', 'Hate']"
1764,"['Anger', 'Anxiety', 'Hate']"
1765,"['Love', 'Sorrow', 'Anxiety']"
1766,"['Love', 'Sorrow']"
1767,"['Sorrow', 'Anxiety']"
1768,"[Love]"
1769,"['Love', 'Sorrow', 'Anxiety']"
1770,"['Love', 'Sorrow']"
1771,"[Love]"
1772,"[Love]"
1773,"[Anxiety]"
1774,"['Love', 'Joy']"
1775,"['Anger', 'Anxiety']"
1776,"['Love', 'Joy']"
1777,"[Love]"
1778,"[Joy]"
1779,"['Anger', 'Anxiety']"
1780,"[Joy]"
1781,"['Love', 'Joy']"
1782,"['Sorrow', 'Anxiety']"
1783,"['Anger', 'Hate']"
1784,"[Joy]"
1785,"['Love', 'Joy']"
1786,"['Anger', 'Anxiety']"
1787,"['Sorrow', 'Anxiety']"
1788,"['Love', 'Sorrow', 'Joy']"
1789,"['Sorrow', 'Anxiety']"
1790,"['Love', 'Joy']"
1791,"['Love', 'Sorrow']"
1792,"['Love', 'Joy']"
1793,"['Expect', 'Love', 'Anxiety']"
1794,"['Love', 'Joy']"
1795,"['Sorrow', 'Anxiety']"
1796,"[Sorrow]"
1797,"['Anxiety', 'Hate']"
1798,"[Joy]"
1799,"[Anxiety]"
1800,"['Anger', 'Expect', 'Anxiety']"
1801,"[Love]"
1802,"['Love', 'Joy']"
1803,"['Expect', 'Love', 'Joy']"
1804,"['Love', 'Sorrow']"
1805,"['Anger', 'Sorrow', 'Hate']"
1806,"[Love]"
1807,"[Love]"
1808,"['Love', 'Anxiety', 'Hate']"
1809,"['Love', 'Joy']"
1810,"['Anger', 'Anxiety', 'Hate']"
1811,"['Expect', 'Anxiety']"
1812,"['Love', 'Hate']"
1813,"['Sorrow', 'Anxiety']"
1814,"['Love', 'Joy']"
1815,"['Love', 'Joy']"
1816,"['Love', 'Joy']"
1817,"['Sorrow', 'Anxiety']"
1818,"['Love', 'Joy']"
1819,"['Love', 'Hate']"
1820,"['Sorrow', 'Anxiety']"
1821,"['Love', 'Joy']"
1822,"['Love', 'Surprise']"
1823,"['Love', 'Joy']"
1824,"['Love', 'Anxiety']"
1825,"['Love', 'Anxiety']"
1826,"[Anxiety]"
1827,"[Anxiety]"
1828,"[Love]"
1829,"[Expect]"
1830,"['Expect', 'Love', 'Joy']"
1831,"['Sorrow', 'Anxiety']"
1832,"['Sorrow', 'Hate']"
1833,"['Anger', 'Sorrow', 'Anxiety', 'Hate']"
1834,"['Expect', 'Love', 'Joy']"
1835,"['Love', 'Sorrow', 'Anxiety', 'Joy']"
1836,"['Expect', 'Sorrow', 'Anxiety']"
1837,"[Anxiety]"
1838,"['Expect', 'Joy']"
1839,"[Surprise]"
1840,"['Anger', 'Hate']"
1841,"['Anger', 'Hate']"
1842,"['Anger', 'Sorrow', 'Anxiety', 'Hate']"
1843,"['Anxiety', 'Hate']"
1844,"['Anger', 'Sorrow', 'Anxiety', 'Hate', 'Surprise']"
1845,"['Expect', 'Love', 'Joy']"
1846,"['Love', 'Joy']"
1847,"['Love', 'Joy']"
1848,"['Love', 'Joy']"
1849,"['Love', 'Joy']"
1850,"[Anxiety]"
1851,"['Sorrow', 'Anxiety', 'Hate']"
1852,"['Anger', 'Anxiety', 'Hate']"
1853,"['Sorrow', 'Hate']"
1854,"[Sorrow]"
1855,"['Love', 'Joy']"
1856,"['Sorrow', 'Anxiety']"
1857,"[Love]"
1858,"['Sorrow', 'Anxiety']"
1859,"['Sorrow', 'Anxiety']"
1860,"['Sorrow', 'Anxiety', 'Joy']"
1861,"['Sorrow', 'Anxiety']"
1862,"['Anxiety', 'Surprise']"
1863,"['Sorrow', 'Anxiety']"
1864,"['Sorrow', 'Anxiety']"
1865,"['Sorrow', 'Hate']"
1866,"['Sorrow', 'Anxiety']"
1867,"['Expect', 'Love', 'Anxiety', 'Joy']"
1868,"['Anger', 'Hate']"
1869,"['Love', 'Anxiety']"
1870,"['Expect', 'Love', 'Joy']"
1871,"['Love', 'Sorrow', 'Hate']"
1872,"[Expect]"
1873,"[Love]"
1874,"[Love]"
1875,"['Expect', 'Love', 'Joy']"
1876,"['Sorrow', 'Anxiety']"
1877,"['Expect', 'Love']"
1878,"[Love]"
1879,"['Love', 'Joy']"
1880,"['Sorrow', 'Anxiety']"
1881,"[Expect]"
1882,"['Love', 'Sorrow', 'Anxiety']"
1883,"['Love', 'Joy']"
1884,"[Love]"
1885,"['Love', 'Joy']"
1886,"['Sorrow', 'Anxiety']"
1887,"['Love', 'Joy']"
1888,"['Anger', 'Sorrow', 'Anxiety']"
1889,"['Anger', 'Expect']"
1890,"['Sorrow', 'Anxiety']"
1891,"['Sorrow', 'Anxiety']"
1892,"[Love]"
1893,"['Sorrow', 'Anxiety']"
1894,"['Sorrow', 'Anxiety']"
1895,"[Joy]"
1896,"['Love', 'Surprise']"
1897,"['Anger', 'Expect', 'Sorrow', 'Anxiety', 'Hate']"
1898,"[Anxiety]"
1899,"[Love]"
1900,"['Anger', 'Anxiety', 'Hate']"
1901,"['Love', 'Joy']"
1902,"['Love', 'Anxiety', 'Hate']"
1903,"['Expect', 'Sorrow', 'Anxiety']"
1904,"['Expect', 'Love']"
1905,"['Anger', 'Hate']"
1906,"['Anger', 'Expect', 'Love', 'Anxiety', 'Hate']"
1907,"['Anger', 'Hate', 'Surprise']"
1908,"['Love', 'Joy']"
1909,"['Anger', 'Anxiety', 'Hate']"
1910,"[Sorrow]"
1911,"['Expect', 'Love', 'Joy']"
1912,"['Sorrow', 'Anxiety']"
1913,"['Anxiety', 'Hate']"
1914,"['Anger', 'Hate']"
1915,"['Anger', 'Sorrow', 'Anxiety', 'Hate']"
1916,"['Love', 'Joy']"
1917,"['Sorrow', 'Anxiety', 'Joy']"
1918,"['Sorrow', 'Anxiety']"
1919,"['Anger', 'Hate']"
1920,"['Sorrow', 'Anxiety']"
1921,"[Expect]"
1922,"[Anxiety]"
1923,"['Expect', 'Anxiety']"
1924,"['Anxiety', 'Hate']"
1925,"['Sorrow', 'Anxiety']"
1926,"['Sorrow', 'Anxiety']"
1927,"['Sorrow', 'Anxiety']"
1928,"['Sorrow', 'Anxiety', 'Hate']"
1929,"[Hate]"
1930,"['Expect', 'Anxiety']"
1931,"['Anger', 'Sorrow', 'Anxiety', 'Hate']"
1932,"['Love', 'Joy']"
1933,"['Anger', 'Anxiety']"
1934,"['Love', 'Joy']"
1935,"['Love', 'Joy']"
1936,"['Anger', 'Anxiety']"
1937,"['Anger', 'Sorrow', 'Anxiety', 'Hate']"
1938,"[Anxiety]"
1939,"['Expect', 'Love', 'Joy']"
1940,"['Love', 'Joy']"
1941,"[Sorrow]"
1942,"['Sorrow', 'Anxiety', 'Hate']"
1943,"['Sorrow', 'Anxiety']"
1944,"['Expect', 'Love']"
1945,"[Anger]"
1946,"[Love]"
1947,"[Anxiety]"
1948,"[Love]"
1949,"[]"
1950,"['Expect', 'Joy']"
1951,"['Anger', 'Anxiety']"
1952,"['Love', 'Surprise']"
1953,"['Love', 'Anxiety']"
1954,"['Anger', 'Hate']"
1955,"[Love]"
1956,"[Love]"
1957,"['Love', 'Joy']"
1958,"['Sorrow', 'Hate']"
1959,"['Expect', 'Love', 'Joy']"
1960,"[Love]"
1961,"['Sorrow', 'Anxiety']"
1962,"['Love', 'Anxiety', 'Joy']"
1963,"[Joy]"
1964,"['Sorrow', 'Anxiety']"
1965,"['Anger', 'Expect', 'Hate']"
1966,"['Sorrow', 'Anxiety']"
1967,"['Anger', 'Hate', 'Surprise']"
1968,"[Love]"
1969,"['Love', 'Joy']"
1970,"['Sorrow', 'Anxiety', 'Hate']"
1971,"['Anger', 'Hate']"
1972,"['Anger', 'Hate']"
1973,"['Expect', 'Love', 'Joy']"
1974,"['Sorrow', 'Anxiety']"
1975,"[Love]"
1976,"[Anger]"
1977,"[Anxiety]"
1978,"['Love', 'Joy']"
1979,"['Love', 'Joy']"
1980,"[Anxiety]"
1981,"['Love', 'Joy']"
1982,"[Love]"
1983,"['Love', 'Joy']"
1984,"['Anger', 'Expect', 'Anxiety', 'Hate']"
1985,"['Sorrow', 'Anxiety']"
1986,"['Sorrow', 'Anxiety']"
1987,"['Anger', 'Hate']"
1988,"['Anxiety', 'Hate']"
1989,"['Love', 'Joy']"
1990,"['Anger', 'Anxiety', 'Hate']"
1991,"['Love', 'Joy']"
1992,"['Anger', 'Sorrow', 'Hate']"
1993,"['Anger', 'Hate']"
1994,"['Anger', 'Anxiety', 'Hate']"
1995,"[Love]"
1996,"[Love]"
1997,"['Sorrow', 'Anxiety', 'Hate']"
1998,"['Sorrow', 'Anxiety']"
1999,"['Sorrow', 'Anxiety']"
2000,"['Love', 'Joy']"
2001,"['Expect', 'Love']"
2002,"['Love', 'Anxiety', 'Joy']"
2003,"['Anger', 'Sorrow', 'Anxiety']"
2004,"['Sorrow', 'Anxiety']"
2005,"['Anger', 'Expect', 'Anxiety']"
2006,"['Anxiety', 'Surprise']"
2007,"[Love]"
2008,"['Love', 'Joy']"
2009,"[Sorrow]"
2010,"['Love', 'Hate']"
2011,"[Anxiety]"
2012,"['Expect', 'Love', 'Joy']"
2013,"['Anxiety', 'Hate']"
2014,"['Love', 'Joy']"
2015,"['Love', 'Hate']"
2016,"['Love', 'Joy']"
2017,"['Sorrow', 'Anxiety']"
2018,"[Anxiety]"
2019,"[Expect]"
2020,"['Anger', 'Anxiety']"
2021,"['Anxiety', 'Surprise']"
2022,"['Expect', 'Love']"
2023,"['Sorrow', 'Anxiety']"
2024,"['Sorrow', 'Anxiety']"
2025,"['Anger', 'Anxiety', 'Hate']"
2026,"[Love]"
2027,"[Anxiety]"
2028,"['Love', 'Joy']"
2029,"[Love]"
2030,"['Expect', 'Love', 'Joy']"
2031,"[Anxiety]"
2032,"['Expect', 'Anxiety']"
2033,"['Anger', 'Hate']"
2034,"['Anger', 'Anxiety', 'Surprise']"
2035,"['Anger', 'Hate']"
2036,"['Expect', 'Anxiety', 'Hate']"
2037,"['Anger', 'Hate']"
2038,"['Sorrow', 'Anxiety']"
2039,"['Sorrow', 'Anxiety']"
2040,"[Love]"
2041,"['Anger', 'Hate']"
2042,"[Love]"
2043,"[Sorrow]"
2044,"[Anxiety]"
2045,"[Love]"
2046,"['Anger', 'Love', 'Hate']"
2047,"['Sorrow', 'Anxiety']"
2048,"['Sorrow', 'Anxiety']"
2049,"[Love]"
2050,"['Sorrow', 'Anxiety']"
2051,"['Expect', 'Anxiety']"
2052,"[Expect]"
2053,"['Anger', 'Anxiety', 'Hate']"
2054,"['Sorrow', 'Anxiety']"
2055,"['Love', 'Surprise']"
2056,"[Love]"
2057,"['Love', 'Joy']"
2058,"['Love', 'Joy']"
2059,"['Love', 'Joy']"
2060,"['Anger', 'Anxiety', 'Hate']"
2061,"['Love', 'Joy']"
2062,"['Anger', 'Hate']"
2063,"['Love', 'Joy']"
2064,"['Sorrow', 'Anxiety']"
2065,"[Love]"
2066,"['Love', 'Sorrow', 'Joy']"
2067,"[Anxiety]"
2068,"['Anger', 'Hate']"
2069,"['Sorrow', 'Anxiety']"
2070,"['Love', 'Joy']"
2071,"['Love', 'Sorrow']"
2072,"['Expect', 'Love', 'Anxiety']"
2073,"['Sorrow', 'Anxiety']"
2074,"['Love', 'Joy']"
2075,"['Sorrow', 'Anxiety']"
2076,"['Sorrow', 'Anxiety', 'Hate']"
2077,"['Love', 'Joy']"
2078,"['Expect', 'Sorrow', 'Anxiety']"
2079,"['Anger', 'Sorrow', 'Anxiety', 'Hate']"
2080,"[Love]"
2081,"['Anxiety', 'Hate']"
2082,"[Joy]"
2083,"['Expect', 'Love']"
2084,"['Anger', 'Love', 'Hate', 'Joy']"
2085,"['Sorrow', 'Anxiety']"
2086,"['Expect', 'Love']"
2087,"['Sorrow', 'Anxiety']"
2088,"[Love]"
2089,"['Expect', 'Anxiety']"
2090,"['Expect', 'Love', 'Joy']"
2091,"['Anger', 'Sorrow', 'Anxiety', 'Hate']"
2092,"['Love', 'Joy']"
2093,"[Love]"
2094,"['Anxiety', 'Surprise']"
2095,"['Sorrow', 'Anxiety']"
2096,"['Expect', 'Sorrow']"
2097,"['Sorrow', 'Anxiety']"
2098,"['Sorrow', 'Anxiety']"
2099,"['Expect', 'Love']"
2100,"['Love', 'Sorrow', 'Anxiety']"
2101,"[Anxiety]"
2102,"['Anger', 'Anxiety']"
2103,"['Expect', 'Anxiety']"
2104,"[Love]"
2105,"['Love', 'Joy']"
2106,"[Love]"
2107,"['Sorrow', 'Anxiety', 'Hate']"
2108,"['Expect', 'Anxiety']"
2109,"['Anger', 'Anxiety', 'Hate']"
2110,"[Anxiety]"
2111,"[Expect]"
2112,"[Anxiety]"
2113,"['Love', 'Joy']"
2114,"['Anger', 'Expect', 'Anxiety']"
2115,"[Love]"
2116,"['Expect', 'Love', 'Joy']"
2117,"['Expect', 'Love']"
2118,"['Sorrow', 'Anxiety']"
2119,"['Anxiety', 'Hate']"
2120,"['Anger', 'Hate']"
2121,"[Love]"
2122,"['Anger', 'Anxiety', 'Hate']"
2123,"['Expect', 'Joy']"
2124,"['Anger', 'Hate']"
2125,"['Sorrow', 'Anxiety', 'Hate']"
2126,"[Joy]"
2127,"['Expect', 'Love', 'Joy']"
2128,"['Anger', 'Hate']"
2129,"[Love]"
2130,"['Love', 'Joy']"
2131,"['Love', 'Sorrow']"
2132,"[Love]"
2133,"['Expect', 'Love', 'Joy']"
2134,"['Love', 'Joy']"
2135,"[Expect]"
2136,"['Sorrow', 'Hate']"
2137,"['Anger', 'Sorrow', 'Hate']"
2138,"['Love', 'Joy']"
2139,"['Anger', 'Hate', 'Joy']"
2140,"['Sorrow', 'Anxiety']"
2141,"['Anxiety', 'Joy']"
2142,"['Love', 'Joy']"
2143,"['Sorrow', 'Anxiety', 'Hate']"
2144,"['Anger', 'Anxiety', 'Hate']"
2145,"['Expect', 'Love']"
2146,"['Expect', 'Sorrow']"
2147,"['Love', 'Joy']"
2148,"['Love', 'Hate']"
2149,"['Anger', 'Sorrow', 'Anxiety', 'Hate']"
2150,"['Expect', 'Love']"
2151,"['Sorrow', 'Anxiety']"
2152,"['Sorrow', 'Anxiety', 'Joy']"
2153,"[Expect]"
2154,"['Love', 'Joy']"
2155,"[Love]"
2156,"[Love]"
2157,"['Love', 'Joy']"
2158,"[Love]"
2159,"['Expect', 'Love']"
2160,"['Love', 'Joy']"
2161,"['Expect', 'Love']"
2162,"['Anxiety', 'Surprise']"
2163,"['Expect', 'Love']"
2164,"['Sorrow', 'Anxiety']"
2165,"['Expect', 'Love', 'Hate']"
2166,"['Love', 'Joy']"
2167,"['Love', 'Joy']"
2168,"['Love', 'Anxiety', 'Surprise']"
2169,"['Love', 'Joy']"
2170,"[Love]"
2171,"[Joy]"
2172,"['Anger', 'Anxiety']"
2173,"['Sorrow', 'Anxiety']"
2174,"[Love]"
2175,"['Love', 'Joy']"
2176,"[Love]"
2177,"['Expect', 'Love', 'Joy']"
2178,"[Joy]"
2179,"['Sorrow', 'Anxiety']"
2180,"[Anxiety]"
2181,"[Love]"
2182,"['Expect', 'Love']"
2183,"[Love]"
2184,"[Love]"
2185,"['Expect', 'Love', 'Joy']"
2186,"['Anger', 'Anxiety', 'Hate']"
2187,"[Anxiety]"
2188,"['Love', 'Joy']"
2189,"[Hate]"
2190,"['Anger', 'Hate']"
2191,"['Anger', 'Hate']"
2192,"[Surprise]"
2193,"['Love', 'Joy']"
2194,"[Anxiety]"
2195,"[Sorrow]"
2196,"['Anger', 'Sorrow', 'Anxiety', 'Hate']"
2197,"['Anger', 'Hate']"
2198,"['Expect', 'Joy']"
2199,"[Love]"
2200,"['Sorrow', 'Anxiety', 'Hate']"
2201,"['Love', 'Sorrow']"
2202,"['Sorrow', 'Anxiety', 'Hate']"
2203,"[Anxiety]"
2204,"[Sorrow]"
2205,"['Expect', 'Love', 'Joy']"
2206,"['Sorrow', 'Anxiety', 'Hate']"
2207,"[Anxiety]"
2208,"['Love', 'Joy']"
2209,"['Expect', 'Hate', 'Joy']"
2210,"['Love', 'Joy']"
2211,"['Anger', 'Hate']"
2212,"['Anger', 'Anxiety', 'Hate']"
2213,"['Sorrow', 'Anxiety']"
2214,"['Love', 'Joy']"
2215,"[Hate]"
2216,"['Expect', 'Love', 'Joy']"
2217,"['Love', 'Joy']"
2218,"['Expect', 'Anxiety', 'Hate']"
2219,"['Love', 'Joy']"
2220,"[Love]"
2221,"['Love', 'Surprise']"
2222,"['Sorrow', 'Anxiety']"
2223,"[Love]"
2224,"['Sorrow', 'Anxiety']"
2225,"['Love', 'Joy']"
2226,"[Love]"
2227,"[Sorrow]"
2228,"['Sorrow', 'Anxiety']"
2229,"['Sorrow', 'Anxiety']"
2230,"[Anxiety]"
2231,"['Anger', 'Hate']"
2232,"['Love', 'Sorrow', 'Anxiety']"
2233,"['Sorrow', 'Anxiety']"
2234,"['Anger', 'Anxiety', 'Hate']"
2235,"['Sorrow', 'Anxiety']"
2236,"[Love]"
2237,"['Sorrow', 'Anxiety', 'Hate']"
2238,"['Love', 'Joy']"
2239,"['Anger', 'Sorrow', 'Anxiety', 'Hate']"
2240,"['Expect', 'Love', 'Joy']"
2241,"['Love', 'Joy']"
2242,"['Anger', 'Anxiety', 'Surprise']"
2243,"[Love]"
2244,"['Anxiety', 'Hate']"
2245,"[Hate]"
2246,"['Sorrow', 'Anxiety', 'Hate']"
2247,"[Sorrow]"
2248,"['Sorrow', 'Anxiety', 'Hate']"
2249,"['Anger', 'Hate']"
2250,"['Sorrow', 'Anxiety', 'Surprise']"
2251,"[Anxiety]"
2252,"['Anger', 'Expect', 'Anxiety', 'Hate']"
2253,"['Hate', 'Surprise']"
2254,"['Love', 'Sorrow', 'Anxiety']"
2255,"['Expect', 'Anxiety']"
2256,"[Expect]"
2257,"['Anxiety', 'Hate']"
2258,"[Love]"
2259,"['Love', 'Joy']"
2260,"[Expect]"
2261,"[Love]"
2262,"['Anxiety', 'Hate']"
2263,"['Sorrow', 'Anxiety']"
2264,"[Joy]"
2265,"[Joy]"
2266,"['Sorrow', 'Anxiety']"
2267,"['Sorrow', 'Anxiety']"
2268,"['Expect', 'Love', 'Joy']"
2269,"['Sorrow', 'Anxiety']"
2270,"['Sorrow', 'Anxiety']"
2271,"['Love', 'Joy']"
2272,"[Anxiety]"
2273,"[Anxiety]"
2274,"['Sorrow', 'Anxiety']"
2275,"['Sorrow', 'Anxiety']"
2276,"['Sorrow', 'Anxiety']"
2277,"['Love', 'Joy']"
2278,"['Expect', 'Love']"
2279,"['Anxiety', 'Hate']"
2280,"['Sorrow', 'Anxiety']"
2281,"['Expect', 'Love']"
2282,"['Love', 'Sorrow', 'Joy']"
2283,"['Anger', 'Sorrow', 'Anxiety']"
2284,"['Love', 'Joy']"
2285,"['Expect', 'Love']"
2286,"['Sorrow', 'Anxiety']"
2287,"['Anger', 'Hate']"
2288,"['Expect', 'Love', 'Joy']"
2289,"['Love', 'Joy']"
2290,"['Anxiety', 'Surprise']"
2291,"['Sorrow', 'Anxiety']"
2292,"['Expect', 'Sorrow', 'Anxiety']"
2293,"['Anger', 'Hate']"
2294,"['Anger', 'Anxiety']"
2295,"['Love', 'Joy']"
2296,"['Anxiety', 'Surprise']"
2297,"['Anger', 'Anxiety']"
2298,"['Anger', 'Sorrow', 'Anxiety', 'Hate']"
2299,"[Love]"
2300,"['Love', 'Joy']"
2301,"['Anger', 'Anxiety', 'Hate']"
2302,"[Anxiety]"
2303,"['Sorrow', 'Anxiety']"
2304,"['Anger', 'Hate']"
2305,"['Love', 'Joy']"
2306,"[Love]"
2307,"[Love]"
2308,"['Sorrow', 'Anxiety']"
2309,"['Anger', 'Hate']"
2310,"[Love]"
2311,"[Anxiety]"
2312,"['Expect', 'Love']"
2313,"['Sorrow', 'Anxiety']"
2314,"[Joy]"
2315,"['Sorrow', 'Anxiety']"
2316,"['Love', 'Joy']"
2317,"[Expect]"
2318,"['Sorrow', 'Anxiety']"
2319,"[Love]"
2320,"['Expect', 'Anxiety']"
2321,"[Love]"
2322,"['Love', 'Joy']"
2323,"['Love', 'Joy']"
2324,"['Sorrow', 'Anxiety', 'Joy']"
2325,"['Anger', 'Expect', 'Anxiety', 'Hate']"
2326,"['Anger', 'Hate']"
2327,"['Anger', 'Hate']"
2328,"['Expect', 'Joy']"
2329,"[Expect]"
2330,"['Love', 'Joy']"
2331,"[Love]"
2332,"['Expect', 'Love']"
2333,"[Love]"
2334,"['Anger', 'Hate']"
2335,"['Anger', 'Anxiety', 'Hate']"
2336,"['Love', 'Joy', 'Surprise']"
2337,"[Love]"
2338,"['Expect', 'Sorrow']"
2339,"['Love', 'Joy']"
2340,"['Sorrow', 'Anxiety']"
2341,"['Love', 'Sorrow', 'Anxiety']"
2342,"['Love', 'Joy']"
2343,"['Expect', 'Love']"
2344,"['Anger', 'Anxiety', 'Hate']"
2345,"['Expect', 'Love', 'Sorrow', 'Anxiety']"
2346,"['Anger', 'Hate']"
2347,"['Expect', 'Love', 'Sorrow']"
2348,"['Expect', 'Love', 'Joy']"
2349,"['Expect', 'Love']"
2350,"['Anxiety', 'Hate']"
2351,"['Anger', 'Expect', 'Anxiety', 'Hate']"
2352,"['Anger', 'Sorrow', 'Anxiety', 'Hate']"
2353,"[Anxiety]"
2354,"[Love]"
2355,"['Sorrow', 'Anxiety']"
2356,"['Expect', 'Love', 'Joy']"
2357,"['Anxiety', 'Hate']"
2358,"['Sorrow', 'Anxiety']"
2359,"['Sorrow', 'Hate']"
2360,"['Love', 'Joy']"
2361,"[Anxiety]"
2362,"['Love', 'Joy']"
2363,"['Expect', 'Love', 'Anxiety', 'Hate']"
2364,"['Love', 'Joy']"
2365,"[Anxiety]"
2366,"['Love', 'Joy']"
2367,"['Hate', 'Surprise']"
2368,"['Love', 'Joy']"
2369,"[Anxiety]"
2370,"['Anger', 'Anxiety', 'Hate']"
2371,"['Anger', 'Hate', 'Surprise']"
2372,"['Anger', 'Sorrow', 'Anxiety', 'Hate']"
2373,"['Sorrow', 'Anxiety']"
2374,"['Expect', 'Love', 'Joy']"
2375,"['Expect', 'Love', 'Joy']"
2376,"['Expect', 'Anxiety']"
2377,"['Sorrow', 'Anxiety', 'Surprise']"
2378,"['Love', 'Joy']"
2379,"[Expect]"
2380,"['Love', 'Joy']"
2381,"['Expect', 'Love']"
2382,"['Sorrow', 'Anxiety', 'Surprise']"
2383,"['Love', 'Joy']"
2384,"['Expect', 'Love']"
2385,"[Love]"
2386,"[Sorrow]"
2387,"['Sorrow', 'Anxiety']"
2388,"['Love', 'Sorrow']"
2389,"['Expect', 'Love', 'Joy']"
2390,"['Anger', 'Hate']"
2391,"['Anger', 'Sorrow', 'Anxiety', 'Hate']"
2392,"['Anger', 'Anxiety']"
2393,"[Love]"
2394,"['Love', 'Joy']"
2395,"['Love', 'Joy']"
2396,"['Sorrow', 'Anxiety']"
2397,"['Expect', 'Love', 'Joy']"
2398,"['Expect', 'Love', 'Joy']"
2399,"[Anxiety]"
2400,"['Love', 'Joy']"
2401,"['Love', 'Joy']"
2402,"[Love]"
2403,"['Expect', 'Love']"
2404,"[Joy]"
2405,"['Love', 'Joy']"
2406,"['Sorrow', 'Anxiety']"
2407,"[Hate]"
2408,"[Hate]"
2409,"['Anxiety', 'Hate']"
2410,"['Expect', 'Love', 'Joy']"
2411,"[Love]"
2412,"['Sorrow', 'Anxiety']"
2413,"['Love', 'Sorrow', 'Anxiety', 'Hate']"
2414,"['Expect', 'Love']"
2415,"[Love]"
2416,"['Sorrow', 'Anxiety']"
2417,"['Anger', 'Anxiety']"
2418,"['Anger', 'Hate']"
2419,"['Love', 'Joy']"
2420,"['Sorrow', 'Anxiety']"
2421,"[Anxiety]"
2422,"[Love]"
2423,"[Expect]"
2424,"[Anxiety]"
2425,"['Anxiety', 'Hate']"
2426,"['Anxiety', 'Hate']"
2427,"['Expect', 'Love', 'Joy']"
2428,"['Sorrow', 'Anxiety']"
2429,"['Expect', 'Love', 'Joy']"
2430,"[Joy]"
2431,"['Expect', 'Love', 'Joy']"
2432,"['Expect', 'Love']"
2433,"['Anxiety', 'Hate']"
2434,"['Anger', 'Hate']"
2435,"['Expect', 'Love']"
2436,"['Expect', 'Love', 'Joy']"
2437,"['Anger', 'Sorrow', 'Hate']"
2438,"['Love', 'Joy']"
2439,"['Sorrow', 'Anxiety']"
2440,"['Anger', 'Anxiety', 'Hate']"
2441,"['Expect', 'Love']"
2442,"['Anger', 'Anxiety']"
2443,"['Anger', 'Sorrow', 'Anxiety', 'Hate']"
2444,"['Anger', 'Love', 'Joy']"
2445,"['Anger', 'Sorrow', 'Anxiety', 'Hate']"
2446,"['Expect', 'Love', 'Joy']"
2447,"['Anger', 'Love']"
2448,"[Love]"
2449,"['Anger', 'Sorrow', 'Anxiety']"
2450,"['Sorrow', 'Anxiety']"
2451,"['Sorrow', 'Anxiety']"
2452,"['Anxiety', 'Surprise']"
2453,"['Anger', 'Hate']"
2454,"['Sorrow', 'Anxiety']"
2455,"['Sorrow', 'Anxiety']"
2456,"[Surprise]"
2457,"[Anxiety]"
2458,"[Anxiety]"
2459,"['Expect', 'Love', 'Sorrow', 'Anxiety']"
2460,"['Love', 'Sorrow', 'Anxiety']"
2461,"['Anger', 'Sorrow', 'Anxiety', 'Hate']"
2462,"['Expect', 'Love', 'Joy']"
2463,"[Love]"
2464,"['Anxiety', 'Hate']"
2465,"['Anger', 'Sorrow', 'Anxiety', 'Hate']"
2466,"['Sorrow', 'Anxiety', 'Hate']"
2467,"[Love]"
2468,"['Sorrow', 'Anxiety', 'Hate']"
2469,"[Love]"
2470,"['Love', 'Hate']"
2471,"['Anger', 'Hate']"
2472,"['Anger', 'Hate']"
2473,"['Anger', 'Anxiety', 'Hate']"
2474,"['Sorrow', 'Anxiety']"
2475,"['Anger', 'Anxiety']"
2476,"['Anger', 'Anxiety', 'Hate', 'Surprise']"
2477,"[Expect]"
2478,"['Anger', 'Expect', 'Hate']"
2479,"['Expect', 'Love', 'Joy']"
2480,"['Sorrow', 'Anxiety']"
2481,"['Expect', 'Love', 'Joy']"
2482,"['Sorrow', 'Anxiety']"
2483,"['Sorrow', 'Anxiety']"
2484,"['Expect', 'Love', 'Anxiety']"
2485,"['Expect', 'Love']"
2486,"['Expect', 'Anxiety']"
2487,"['Anger', 'Hate']"
2488,"['Expect', 'Anxiety']"
2489,"['Anger', 'Hate']"
2490,"['Sorrow', 'Anxiety', 'Hate']"
2491,"['Sorrow', 'Anxiety']"
2492,"['Love', 'Joy']"
2493,"['Love', 'Joy']"
2494,"[Hate]"
2495,"['Love', 'Joy']"
2496,"['Anger', 'Sorrow', 'Anxiety', 'Hate']"
2497,"['Expect', 'Love', 'Joy']"
2498,"['Love', 'Surprise']"
2499,"['Anxiety', 'Joy']"
2500,"[Love]"
2501,"['Expect', 'Anxiety']"
2502,"['Sorrow', 'Anxiety']"
2503,"['Anger', 'Anxiety']"
2504,"[Anxiety]"
2505,"['Love', 'Sorrow', 'Joy']"
2506,"['Expect', 'Love']"
2507,"['Love', 'Joy']"
2508,"['Love', 'Sorrow', 'Anxiety']"
2509,"[Hate]"
2510,"[Love]"
2511,"[Anxiety]"
2512,"['Anger', 'Hate']"
2513,"['Love', 'Joy']"
2514,"['Anxiety', 'Hate']"
2515,"['Anxiety', 'Surprise']"
2516,"['Sorrow', 'Anxiety']"
2517,"['Sorrow', 'Anxiety', 'Hate']"
2518,"['Anger', 'Sorrow', 'Anxiety']"
2519,"[Expect]"
2520,"['Love', 'Sorrow', 'Hate']"
2521,"[Love]"
2522,"['Love', 'Joy']"
2523,"['Sorrow', 'Anxiety']"
2524,"['Sorrow', 'Anxiety', 'Hate']"
2525,"['Expect', 'Love', 'Joy']"
2526,"['Love', 'Joy']"
2527,"['Anger', 'Anxiety', 'Hate']"
2528,"['Love', 'Joy']"
2529,"[Love]"
2530,"['Love', 'Hate', 'Joy']"
2531,"['Sorrow', 'Anxiety']"
2532,"['Sorrow', 'Anxiety']"
2533,"['Expect', 'Anxiety']"
2534,"['Expect', 'Love', 'Joy']"
2535,"['Anger', 'Anxiety']"
2536,"[Love]"
2537,"['Sorrow', 'Anxiety', 'Hate']"
2538,"['Expect', 'Love', 'Anxiety', 'Hate']"
2539,"['Love', 'Anxiety', 'Hate']"
2540,"['Expect', 'Love', 'Joy']"
2541,"['Anger', 'Anxiety']"
2542,"['Anxiety', 'Surprise']"
2543,"['Expect', 'Joy']"
2544,"['Sorrow', 'Anxiety']"
2545,"['Expect', 'Love']"
2546,"['Anxiety', 'Hate']"
2547,"['Expect', 'Love', 'Joy']"
2548,"['Sorrow', 'Anxiety']"
2549,"['Love', 'Joy']"
2550,"[Surprise]"
2551,"['Love', 'Joy']"
2552,"['Anger', 'Expect', 'Hate']"
2553,"['Sorrow', 'Anxiety']"
2554,"['Expect', 'Sorrow', 'Anxiety']"
2555,"[Anxiety]"
2556,"['Love', 'Joy']"
2557,"['Love', 'Joy']"
2558,"['Sorrow', 'Anxiety']"
2559,"['Expect', 'Love']"
2560,"[Love]"
2561,"[Joy]"
2562,"['Sorrow', 'Anxiety']"
2563,"[Love]"
2564,"[Love]"
2565,"['Love', 'Joy']"
2566,"['Love', 'Sorrow']"
2567,"['Anger', 'Expect', 'Hate']"
2568,"['Love', 'Anxiety', 'Hate']"
2569,"['Anger', 'Hate']"
2570,"['Sorrow', 'Anxiety']"
2571,"['Love', 'Joy']"
2572,"['Sorrow', 'Anxiety']"
2573,"['Sorrow', 'Anxiety']"
2574,"[Love]"
2575,"['Anger', 'Hate']"
2576,"[Sorrow]"
2577,"[Love]"
2578,"['Sorrow', 'Anxiety']"
2579,"['Expect', 'Joy']"
2580,"['Sorrow', 'Anxiety', 'Hate']"
2581,"['Anger', 'Hate']"
2582,"['Expect', 'Love', 'Joy']"
2583,"['Anger', 'Anxiety', 'Hate']"
2584,"[Anxiety]"
2585,"['Sorrow', 'Anxiety']"
2586,"['Anger', 'Sorrow', 'Anxiety']"
2587,"['Sorrow', 'Anxiety']"
2588,"[Love]"
2589,"['Sorrow', 'Anxiety', 'Surprise']"
2590,"['Anger', 'Hate']"
2591,"['Expect', 'Love', 'Joy']"
2592,"[Expect]"
2593,"[Expect]"
2594,"['Expect', 'Joy']"
2595,"['Love', 'Joy']"
2596,"[Love]"
2597,"['Anxiety', 'Hate']"
2598,"['Expect', 'Love', 'Joy']"
2599,"[Anxiety]"
2600,"['Sorrow', 'Anxiety']"
2601,"['Sorrow', 'Anxiety']"
2602,"['Sorrow', 'Anxiety', 'Hate']"
2603,"['Anger', 'Anxiety']"
2604,"['Anger', 'Anxiety', 'Hate']"
2605,"['Anger', 'Expect', 'Anxiety', 'Hate']"
2606,"['Sorrow', 'Anxiety']"
2607,"['Anger', 'Sorrow', 'Hate', 'Surprise']"
2608,"['Love', 'Anxiety']"
2609,"['Anxiety', 'Hate']"
2610,"['Expect', 'Love', 'Joy']"
2611,"['Anxiety', 'Hate']"
2612,"['Expect', 'Anxiety']"
2613,"['Anger', 'Hate', 'Joy']"
2614,"[Love]"
2615,"[Expect]"
2616,"['Love', 'Sorrow']"
2617,"['Love', 'Sorrow', 'Anxiety']"
2618,"['Love', 'Joy', 'Surprise']"
2619,"['Sorrow', 'Anxiety']"
2620,"[Love]"
2621,"['Love', 'Joy']"
2622,"['Love', 'Sorrow', 'Anxiety']"
2623,"[Hate]"
2624,"[Love]"
2625,"['Love', 'Joy']"
2626,"[Anxiety]"
2627,"['Expect', 'Love', 'Joy']"
2628,"['Sorrow', 'Anxiety']"
2629,"[Joy]"
2630,"['Anger', 'Sorrow', 'Anxiety', 'Hate']"
2631,"['Sorrow', 'Anxiety']"
2632,"['Sorrow', 'Anxiety']"
2633,"['Sorrow', 'Anxiety']"
2634,"['Love', 'Joy']"
2635,"['Love', 'Sorrow']"
2636,"['Sorrow', 'Anxiety']"
2637,"['Expect', 'Love']"
2638,"['Sorrow', 'Anxiety']"
2639,"['Love', 'Sorrow', 'Anxiety', 'Joy']"
2640,"['Sorrow', 'Anxiety']"
2641,"['Expect', 'Love', 'Joy']"
2642,"['Love', 'Joy']"
2643,"[Anxiety]"
2644,"['Expect', 'Love']"
2645,"[Love]"
2646,"['Anger', 'Anxiety', 'Hate']"
2647,"['Expect', 'Anxiety', 'Hate']"
2648,"['Expect', 'Love', 'Joy']"
2649,"['Anger', 'Hate']"
2650,"['Anxiety', 'Hate']"
2651,"['Love', 'Joy']"
2652,"[Love]"
2653,"[Love]"
2654,"[Sorrow]"
2655,"['Love', 'Sorrow', 'Anxiety']"
2656,"['Anxiety', 'Hate']"
2657,"[Anxiety]"
2658,"[Love]"
2659,"['Anxiety', 'Hate']"
2660,"['Anger', 'Hate']"
2661,"['Anger', 'Anxiety', 'Hate']"
2662,"['Sorrow', 'Anxiety']"
2663,"[Love]"
2664,"['Love', 'Joy']"
2665,"['Sorrow', 'Anxiety']"
2666,"['Sorrow', 'Anxiety']"
2667,"[Love]"
2668,"['Expect', 'Love', 'Joy']"
2669,"['Sorrow', 'Anxiety']"
2670,"['Anger', 'Expect', 'Hate', 'Joy']"
2671,"['Love', 'Joy']"
2672,"[Love]"
2673,"['Anger', 'Anxiety']"
2674,"['Anger', 'Sorrow', 'Anxiety']"
2675,"[Love]"
2676,"['Love', 'Joy']"
2677,"['Love', 'Joy']"
2678,"['Anger', 'Sorrow', 'Anxiety']"
2679,"['Sorrow', 'Anxiety', 'Hate']"
2680,"[Love]"
2681,"['Sorrow', 'Anxiety']"
2682,"['Love', 'Joy']"
2683,"['Anger', 'Hate']"
2684,"[Love]"
2685,"['Anger', 'Sorrow', 'Anxiety', 'Hate']"
2686,"['Love', 'Joy']"
2687,"[Anxiety]"
2688,"[Surprise]"
2689,"['Anger', 'Hate']"
2690,"['Love', 'Joy']"
2691,"['Expect', 'Sorrow', 'Anxiety']"
2692,"[Anxiety]"
2693,"[Love]"
2694,"['Expect', 'Love']"
2695,"['Anger', 'Hate']"
2696,"['Anger', 'Hate']"
2697,"['Anger', 'Sorrow', 'Anxiety', 'Hate']"
2698,"['Love', 'Joy']"
2699,"[Love]"
2700,"['Sorrow', 'Anxiety', 'Hate']"
2701,"['Anger', 'Sorrow', 'Anxiety', 'Hate']"
2702,"[Love]"
2703,"['Anxiety', 'Hate']"
2704,"['Expect', 'Love']"
2705,"['Anger', 'Hate']"
2706,"['Anger', 'Sorrow', 'Anxiety', 'Surprise']"
2707,"[Anxiety]"
2708,"['Love', 'Joy']"
2709,"[Love]"
2710,"[Hate]"
2711,"['Sorrow', 'Anxiety']"
2712,"[Expect]"
2713,"[Joy]"
2714,"['Expect', 'Love', 'Anxiety']"
2715,"['Anger', 'Anxiety']"
2716,"[Joy]"
2717,"[Love]"
2718,"['Love', 'Joy']"
2719,"['Anger', 'Hate']"
2720,"['Expect', 'Anxiety']"
2721,"['Anger', 'Anxiety']"
2722,"['Love', 'Anxiety']"
2723,"[Anxiety]"
2724,"['Love', 'Sorrow', 'Anxiety', 'Hate']"
2725,"[Hate]"
2726,"['Love', 'Joy']"
2727,"['Expect', 'Anxiety']"
2728,"[Joy]"
2729,"['Love', 'Hate']"
2730,"['Expect', 'Love', 'Joy']"
2731,"['Love', 'Sorrow', 'Hate']"
2732,"['Expect', 'Sorrow']"
2733,"['Sorrow', 'Anxiety']"
2734,"[Expect]"
2735,"['Expect', 'Love']"
2736,"[Expect]"
2737,"[Joy]"
2738,"['Love', 'Joy']"
2739,"['Love', 'Anxiety']"
2740,"[Love]"
2741,"['Love', 'Joy']"
2742,"[Love]"
2743,"['Love', 'Joy']"
2744,"[Anxiety]"
2745,"['Love', 'Joy']"
2746,"[Love]"
2747,"['Expect', 'Sorrow', 'Anxiety']"
2748,"['Sorrow', 'Anxiety']"
2749,"['Anger', 'Anxiety', 'Hate']"
2750,"['Anger', 'Anxiety', 'Hate']"
2751,"[Sorrow]"
2752,"['Anger', 'Anxiety', 'Hate']"
2753,"[Surprise]"
2754,"[Anxiety]"
2755,"['Anger', 'Expect', 'Anxiety']"
2756,"['Anger', 'Sorrow', 'Hate']"
2757,"['Expect', 'Love']"
2758,"['Expect', 'Hate']"
2759,"['Love', 'Joy']"
2760,"['Anger', 'Hate']"
2761,"['Expect', 'Love']"
2762,"[Love]"
2763,"['Anger', 'Anxiety', 'Surprise']"
2764,"[Love]"
2765,"['Sorrow', 'Anxiety']"
2766,"[Anxiety]"
2767,"['Love', 'Joy']"
2768,"['Sorrow', 'Anxiety']"
2769,"['Sorrow', 'Anxiety']"
2770,"['Anger', 'Anxiety', 'Hate']"
2771,"[Love]"
2772,"['Love', 'Joy']"
2773,"['Anger', 'Sorrow', 'Anxiety', 'Hate']"
2774,"['Sorrow', 'Anxiety']"
2775,"['Love', 'Joy']"
2776,"[Anxiety]"
2777,"['Anger', 'Anxiety', 'Hate']"
2778,"[Surprise]"
2779,"[Love]"
2780,"['Sorrow', 'Anxiety', 'Hate']"
2781,"['Expect', 'Love', 'Joy']"
2782,"['Sorrow', 'Anxiety']"
2783,"['Love', 'Anxiety']"
2784,"[Love]"
2785,"['Anger', 'Anxiety']"
2786,"['Sorrow', 'Anxiety', 'Hate']"
2787,"['Sorrow', 'Anxiety']"
2788,"['Sorrow', 'Anxiety']"
2789,"['Sorrow', 'Anxiety', 'Hate']"
2790,"['Anger', 'Sorrow', 'Anxiety', 'Hate']"
2791,"[Love]"
2792,"['Love', 'Joy']"
2793,"[Love]"
2794,"['Love', 'Surprise']"
2795,"['Love', 'Hate']"
2796,"['Anger', 'Hate']"
2797,"['Anger', 'Hate']"
2798,"['Sorrow', 'Anxiety']"
2799,"[Hate]"
2800,"['Anger', 'Anxiety', 'Hate']"
2801,"['Anger', 'Hate', 'Surprise']"
2802,"['Sorrow', 'Anxiety']"
2803,"['Anger', 'Anxiety', 'Hate']"
2804,"['Expect', 'Anxiety']"
2805,"['Expect', 'Sorrow', 'Anxiety']"
2806,"['Anxiety', 'Hate']"
2807,"['Sorrow', 'Anxiety']"
2808,"[Anxiety]"
2809,"['Anger', 'Hate']"
2810,"['Love', 'Joy']"
2811,"['Love', 'Joy']"
2812,"[Love]"
2813,"['Love', 'Joy']"
2814,"['Anger', 'Love', 'Sorrow', 'Hate']"
2815,"[Anxiety]"
2816,"['Love', 'Joy']"
2817,"[Anxiety]"
2818,"[Anxiety]"
2819,"['Anger', 'Hate']"
2820,"[Joy]"
2821,"['Sorrow', 'Anxiety']"
2822,"['Love', 'Joy', 'Surprise']"
2823,"['Sorrow', 'Anxiety', 'Hate']"
2824,"['Sorrow', 'Anxiety']"
2825,"['Expect', 'Anxiety']"
2826,"['Anxiety', 'Surprise']"
2827,"['Expect', 'Love', 'Joy']"
2828,"['Expect', 'Joy']"
2829,"['Sorrow', 'Anxiety']"
2830,"['Sorrow', 'Anxiety']"
2831,"['Anger', 'Sorrow', 'Anxiety']"
2832,"['Anger', 'Love', 'Sorrow', 'Anxiety', 'Hate']"
2833,"['Anxiety', 'Surprise']"
2834,"['Love', 'Joy']"
2835,"[Anxiety]"
2836,"[Surprise]"
2837,"[Anxiety]"
2838,"['Anxiety', 'Joy']"
2839,"['Sorrow', 'Anxiety']"
2840,"['Sorrow', 'Anxiety', 'Hate']"
2841,"['Sorrow', 'Anxiety']"
2842,"['Expect', 'Love']"
2843,"['Sorrow', 'Anxiety']"
2844,"['Anger', 'Sorrow', 'Anxiety', 'Hate']"
2845,"[Love]"
2846,"['Sorrow', 'Anxiety']"
2847,"[Expect]"
2848,"['Anger', 'Anxiety', 'Hate']"
2849,"[Joy]"
2850,"['Sorrow', 'Anxiety']"
2851,"['Anger', 'Anxiety']"
2852,"['Sorrow', 'Anxiety']"
2853,"['Anger', 'Hate']"
2854,"['Love', 'Joy']"
2855,"['Sorrow', 'Anxiety']"
2856,"['Anger', 'Expect', 'Anxiety']"
2857,"['Expect', 'Love']"
2858,"[Love]"
2859,"['Expect', 'Love', 'Joy']"
2860,"['Expect', 'Love', 'Joy']"
2861,"['Sorrow', 'Anxiety']"
2862,"['Sorrow', 'Anxiety']"
2863,"['Love', 'Joy']"
2864,"['Love', 'Joy']"
2865,"[Love]"
2866,"['Expect', 'Joy']"
2867,"['Love', 'Joy']"
2868,"['Love', 'Joy']"
2869,"['Anger', 'Expect', 'Anxiety', 'Hate']"
2870,"['Sorrow', 'Anxiety']"
2871,"['Love', 'Joy']"
2872,"[Anxiety]"
2873,"['Sorrow', 'Anxiety']"
2874,"['Sorrow', 'Anxiety']"
2875,"[Anxiety]"
2876,"['Expect', 'Love', 'Joy']"
2877,"['Love', 'Joy']"
2878,"['Anxiety', 'Hate']"
2879,"['Anger', 'Sorrow', 'Anxiety']"
2880,"['Anger', 'Hate']"
2881,"[Expect]"
2882,"['Anger', 'Sorrow', 'Anxiety', 'Hate']"
2883,"[Love]"
2884,"['Anger', 'Hate']"
2885,"['Sorrow', 'Anxiety']"
2886,"[Love]"
2887,"[Joy]"
2888,"['Anger', 'Sorrow', 'Anxiety']"
2889,"['Expect', 'Sorrow', 'Anxiety']"
2890,"['Sorrow', 'Anxiety']"
2891,"['Love', 'Joy']"
2892,"['Anger', 'Sorrow', 'Hate']"
2893,"['Expect', 'Love', 'Joy']"
2894,"['Love', 'Sorrow']"
2895,"['Sorrow', 'Anxiety']"
2896,"['Expect', 'Joy']"
2897,"['Sorrow', 'Anxiety']"
2898,"['Love', 'Sorrow', 'Anxiety']"
2899,"[Love]"
2900,"[Sorrow]"
2901,"[Love]"
2902,"['Anger', 'Anxiety', 'Hate']"
2903,"['Anger', 'Anxiety', 'Hate']"
2904,"[Anxiety]"
2905,"[Love]"
2906,"['Sorrow', 'Surprise']"
2907,"['Sorrow', 'Anxiety']"
2908,"['Sorrow', 'Anxiety']"
2909,"['Sorrow', 'Anxiety']"
2910,"[Joy]"
2911,"['Love', 'Sorrow']"
2912,"[Love]"
2913,"[Anxiety]"
2914,"[Love]"
2915,"['Anger', 'Expect', 'Love', 'Hate']"
2916,"['Expect', 'Love', 'Joy']"
2917,"['Expect', 'Love', 'Joy']"
2918,"['Expect', 'Love', 'Joy']"
2919,"[Joy]"
2920,"['Love', 'Joy']"
2921,"['Anger', 'Hate']"
2922,"[Anxiety]"
2923,"['Love', 'Joy', 'Surprise']"
2924,"['Anger', 'Sorrow', 'Hate']"
2925,"['Love', 'Joy']"
2926,"['Love', 'Sorrow']"
2927,"['Anger', 'Anxiety', 'Hate']"
2928,"['Love', 'Joy']"
2929,"['Anger', 'Sorrow', 'Anxiety']"
2930,"['Anger', 'Sorrow', 'Hate']"
2931,"['Love', 'Joy']"
2932,"['Expect', 'Sorrow', 'Anxiety']"
2933,"['Expect', 'Love', 'Joy']"
2934,"['Anger', 'Anxiety']"
2935,"['Sorrow', 'Anxiety', 'Surprise']"
2936,"['Anger', 'Hate']"
2937,"['Sorrow', 'Anxiety']"
2938,"['Anger', 'Sorrow', 'Anxiety', 'Hate']"
2939,"['Anger', 'Hate']"
2940,"['Expect', 'Love']"
2941,"['Love', 'Joy']"
2942,"['Expect', 'Love', 'Joy']"
2943,"['Love', 'Joy']"
2944,"['Expect', 'Joy']"
2945,"['Anger', 'Anxiety', 'Hate']"
2946,"['Love', 'Joy', 'Surprise']"
2947,"[Expect]"
2948,"['Sorrow', 'Anxiety']"
2949,"['Sorrow', 'Anxiety']"
2950,"['Expect', 'Love', 'Joy']"
2951,"[Love]"
2952,"[Love]"
2953,"['Expect', 'Love', 'Joy']"
2954,"['Anger', 'Hate']"
2955,"[Love]"
2956,"['Anxiety', 'Hate']"
2957,"['Love', 'Joy']"
2958,"['Expect', 'Love', 'Joy']"
2959,"['Expect', 'Love']"
2960,"['Expect', 'Anxiety']"
2961,"['Love', 'Sorrow', 'Anxiety']"
2962,"['Sorrow', 'Anxiety']"
2963,"[Expect]"
2964,"['Sorrow', 'Anxiety']"
2965,"[Love]"
2966,"['Sorrow', 'Anxiety']"
2967,"[Love]"
2968,"[Anxiety]"
2969,"['Love', 'Sorrow']"
2970,"['Expect', 'Love', 'Joy']"
2971,"['Sorrow', 'Anxiety', 'Hate']"
2972,"['Sorrow', 'Anxiety']"
2973,"['Anger', 'Love']"
2974,"['Love', 'Joy']"
2975,"[Sorrow]"
2976,"['Expect', 'Love', 'Anxiety']"
2977,"['Expect', 'Anxiety', 'Hate']"
2978,"['Anxiety', 'Surprise']"
2979,"['Love', 'Joy']"
2980,"['Anxiety', 'Surprise']"
2981,"['Anger', 'Sorrow', 'Hate', 'Surprise']"
2982,"['Anger', 'Hate']"
2983,"['Sorrow', 'Anxiety']"
2984,"['Love', 'Anxiety', 'Surprise']"
2985,"[Anxiety]"
2986,"['Anger', 'Anxiety', 'Hate']"
2987,"[Love]"
2988,"['Sorrow', 'Anxiety', 'Hate']"
2989,"['Anger', 'Anxiety', 'Hate']"
2990,"['Love', 'Joy']"
2991,"['Sorrow', 'Anxiety', 'Surprise']"
2992,"['Expect', 'Sorrow', 'Anxiety']"
2993,"['Love', 'Sorrow', 'Hate']"
2994,"['Expect', 'Anxiety']"
2995,"[Hate]"
2996,"['Love', 'Surprise']"
2997,"['Expect', 'Love']"
2998,"['Anger', 'Hate']"
2999,"['Anger', 'Expect', 'Anxiety', 'Hate']"
3000,"['Sorrow', 'Anxiety']"
3001,"['Anxiety', 'Hate']"
3002,"['Love', 'Joy']"
3003,"['Expect', 'Anxiety']"
3004,"['Love', 'Joy']"
3005,"['Sorrow', 'Anxiety']"
3006,"['Anger', 'Sorrow', 'Anxiety', 'Hate']"
3007,"['Love', 'Joy']"
3008,"['Love', 'Joy']"
3009,"['Anger', 'Anxiety']"
3010,"[Anxiety]"
3011,"['Love', 'Sorrow']"
3012,"[Anxiety]"
3013,"['Anger', 'Sorrow', 'Anxiety']"
3014,"['Sorrow', 'Anxiety']"
3015,"[Anxiety]"
3016,"['Sorrow', 'Hate']"
3017,"['Sorrow', 'Anxiety']"
3018,"[Love]"
3019,"['Anger', 'Anxiety', 'Hate']"
3020,"['Sorrow', 'Anxiety']"
3021,"['Sorrow', 'Anxiety', 'Hate']"
3022,"['Anger', 'Expect', 'Hate']"
3023,"['Anger', 'Expect', 'Hate']"
3024,"[Expect]"
3025,"['Love', 'Joy']"
3026,"['Love', 'Sorrow', 'Anxiety']"
3027,"[Anxiety]"
3028,"['Love', 'Anxiety']"
3029,"[Love]"
3030,"['Anger', 'Sorrow', 'Anxiety', 'Hate']"
3031,"['Love', 'Joy']"
3032,"['Love', 'Joy']"
3033,"['Expect', 'Love', 'Joy']"
3034,"[Expect]"
3035,"[Expect]"
3036,"['Sorrow', 'Anxiety']"
3037,"['Love', 'Sorrow', 'Joy']"
3038,"[Love]"
3039,"['Love', 'Hate']"
3040,"['Love', 'Sorrow', 'Hate', 'Joy']"
3041,"[Love]"
3042,"['Expect', 'Sorrow']"
3043,"['Love', 'Joy']"
3044,"['Expect', 'Love']"
3045,"['Love', 'Joy']"
3046,"['Expect', 'Love', 'Anxiety']"
3047,"['Expect', 'Love', 'Joy']"
3048,"['Love', 'Surprise']"
3049,"['Love', 'Joy']"
3050,"[Anxiety]"
3051,"['Love', 'Surprise']"
3052,"[Love]"
3053,"[Love]"
3054,"['Expect', 'Love', 'Sorrow', 'Anxiety', 'Hate']"
3055,"[Love]"
3056,"['Love', 'Joy']"
3057,"['Anger', 'Hate']"
3058,"['Sorrow', 'Anxiety', 'Hate']"
3059,"['Expect', 'Love', 'Joy']"
3060,"['Anxiety', 'Hate']"
3061,"['Sorrow', 'Anxiety']"
3062,"['Anger', 'Anxiety', 'Hate']"
3063,"[Anxiety]"
3064,"[Anxiety]"
3065,"['Expect', 'Love']"
3066,"['Expect', 'Love']"
3067,"['Expect', 'Love', 'Joy']"
3068,"[Joy]"
3069,"['Expect', 'Love']"
3070,"['Love', 'Joy']"
3071,"['Expect', 'Love', 'Joy']"
3072,"['Sorrow', 'Anxiety']"
3073,"['Sorrow', 'Anxiety']"
3074,"['Love', 'Joy']"
3075,"[Love]"
3076,"['Sorrow', 'Hate']"
3077,"['Love', 'Sorrow', 'Anxiety', 'Hate']"
3078,"['Anger', 'Expect', 'Hate']"
3079,"[Anxiety]"
3080,"['Anger', 'Anxiety', 'Surprise']"
3081,"['Anger', 'Hate']"
3082,"['Anger', 'Expect', 'Hate']"
3083,"['Sorrow', 'Anxiety']"
3084,"['Anger', 'Anxiety', 'Hate', 'Surprise']"
3085,"[Love]"
3086,"['Anger', 'Expect', 'Hate']"
3087,"[Joy]"
3088,"['Expect', 'Love']"
3089,"[Love]"
3090,"['Love', 'Joy']"
3091,"['Sorrow', 'Anxiety']"
3092,"['Expect', 'Love']"
3093,"[Anxiety]"
3094,"['Anger', 'Hate']"
3095,"['Anger', 'Hate']"
3096,"['Expect', 'Love', 'Joy']"
3097,"['Love', 'Joy']"
3098,"['Anger', 'Love']"
3099,"['Sorrow', 'Anxiety']"
3100,"['Expect', 'Sorrow', 'Anxiety']"
3101,"['Anxiety', 'Hate']"
3102,"['Love', 'Joy']"
3103,"[Love]"
3104,"['Anger', 'Sorrow', 'Anxiety', 'Hate']"
3105,"['Love', 'Sorrow', 'Anxiety', 'Joy']"
3106,"[Expect]"
3107,"['Love', 'Joy']"
3108,"['Love', 'Sorrow', 'Anxiety']"
3109,"['Love', 'Joy']"
3110,"['Anger', 'Love', 'Hate']"
3111,"['Sorrow', 'Anxiety']"
3112,"['Sorrow', 'Anxiety']"
3113,"[Love]"
3114,"[Love]"
3115,"['Sorrow', 'Anxiety']"
3116,"['Love', 'Joy']"
3117,"['Anger', 'Hate']"
3118,"[Love]"
3119,"['Love', 'Joy']"
3120,"['Expect', 'Sorrow', 'Anxiety']"
3121,"[Love]"
3122,"[Expect]"
3123,"['Anger', 'Expect', 'Hate']"
3124,"['Expect', 'Love']"
3125,"['Hate', 'Surprise']"
3126,"[Joy]"
3127,"['Expect', 'Love']"
3128,"[Sorrow]"
3129,"['Anger', 'Hate']"
3130,"['Anger', 'Hate']"
3131,"['Anxiety', 'Surprise']"
3132,"['Love', 'Joy']"
3133,"['Love', 'Anxiety']"
3134,"[Love]"
3135,"['Anger', 'Hate', 'Surprise']"
3136,"['Anger', 'Anxiety']"
3137,"['Sorrow', 'Anxiety']"
3138,"['Anger', 'Hate']"
3139,"[Love]"
3140,"['Sorrow', 'Anxiety']"
3141,"['Anxiety', 'Hate']"
3142,"['Anger', 'Hate']"
3143,"['Anger', 'Hate']"
3144,"['Anger', 'Anxiety', 'Hate']"
3145,"['Expect', 'Love', 'Joy']"
3146,"['Love', 'Joy']"
3147,"['Love', 'Joy']"
3148,"['Anger', 'Anxiety', 'Hate']"
3149,"['Sorrow', 'Anxiety']"
3150,"[Love]"
3151,"[Anxiety]"
3152,"['Love', 'Joy']"
3153,"['Sorrow', 'Anxiety']"
3154,"[Sorrow]"
3155,"['Sorrow', 'Anxiety']"
3156,"[Sorrow]"
3157,"['Sorrow', 'Anxiety']"
3158,"['Hate', 'Joy']"
3159,"['Love', 'Surprise']"
3160,"['Expect', 'Anxiety']"
3161,"['Love', 'Joy']"
3162,"['Love', 'Joy']"
3163,"['Anger', 'Expect', 'Hate']"
3164,"['Sorrow', 'Anxiety']"
3165,"['Sorrow', 'Anxiety']"
3166,"['Love', 'Joy']"
3167,"['Love', 'Joy']"
3168,"['Sorrow', 'Anxiety']"
3169,"['Expect', 'Love']"
3170,"['Love', 'Anxiety']"
3171,"[Joy]"
3172,"['Sorrow', 'Anxiety']"
3173,"[Anxiety]"
3174,"['Anger', 'Anxiety']"
3175,"['Anger', 'Anxiety', 'Hate']"
3176,"[Love]"
3177,"['Anger', 'Hate']"
3178,"['Anxiety', 'Hate']"
3179,"['Anger', 'Expect', 'Anxiety', 'Hate']"
3180,"['Love', 'Joy']"
3181,"['Sorrow', 'Anxiety']"
3182,"['Sorrow', 'Anxiety']"
3183,"['Anger', 'Hate']"
3184,"['Sorrow', 'Anxiety']"
3185,"['Expect', 'Love', 'Joy']"
3186,"['Love', 'Joy']"
3187,"['Expect', 'Love']"
3188,"['Love', 'Joy']"
3189,"[Anxiety]"
3190,"['Love', 'Joy']"
3191,"[Love]"
3192,"['Sorrow', 'Anxiety']"
3193,"['Sorrow', 'Anxiety']"
3194,"[Anxiety]"
3195,"['Anger', 'Anxiety', 'Hate']"
3196,"['Expect', 'Anxiety', 'Hate']"
3197,"['Anger', 'Hate']"
3198,"['Sorrow', 'Anxiety']"
3199,"['Expect', 'Love', 'Joy']"
3200,"['Expect', 'Joy']"
3201,"['Sorrow', 'Anxiety']"
3202,"[Love]"
3203,"[Anxiety]"
3204,"['Sorrow', 'Anxiety']"
3205,"[Joy]"
3206,"['Anxiety', 'Hate']"
3207,"[Love]"
3208,"[Love]"
3209,"[Love]"
3210,"[Love]"
3211,"['Sorrow', 'Anxiety']"
3212,"['Expect', 'Love', 'Joy']"
3213,"[Love]"
3214,"['Sorrow', 'Anxiety']"
3215,"[Expect]"
3216,"[Anxiety]"
3217,"['Sorrow', 'Anxiety']"
3218,"['Sorrow', 'Anxiety']"
3219,"['Love', 'Surprise']"
3220,"[Love]"
3221,"['Sorrow', 'Anxiety']"
3222,"['Love', 'Joy', 'Surprise']"
3223,"['Anger', 'Anxiety', 'Hate']"
3224,"['Love', 'Joy']"
3225,"[Expect]"
3226,"['Love', 'Joy']"
3227,"['Expect', 'Love']"
3228,"['Anger', 'Sorrow', 'Anxiety', 'Hate']"
3229,"[Expect]"
3230,"['Expect', 'Sorrow', 'Anxiety']"
3231,"['Expect', 'Anxiety']"
3232,"['Love', 'Joy']"
3233,"['Sorrow', 'Anxiety']"
3234,"['Sorrow', 'Anxiety']"
3235,"['Sorrow', 'Anxiety']"
3236,"['Expect', 'Love', 'Joy']"
3237,"[Anger]"
3238,"[Love]"
3239,"['Expect', 'Love']"
3240,"[Anxiety]"
3241,"[Love]"
3242,"['Anger', 'Sorrow', 'Anxiety']"
3243,"[Love]"
3244,"['Anger', 'Anxiety']"
3245,"['Anger', 'Hate']"
3246,"['Anger', 'Sorrow', 'Anxiety', 'Hate']"
3247,"['Expect', 'Love', 'Joy']"
3248,"[Anxiety]"
3249,"[Love]"
3250,"['Sorrow', 'Anxiety', 'Hate']"
3251,"[Love]"
3252,"[Love]"
3253,"['Anger', 'Sorrow', 'Anxiety', 'Hate']"
3254,"['Anger', 'Hate']"
3255,"['Anger', 'Sorrow', 'Hate']"
3256,"['Love', 'Joy']"
3257,"['Sorrow', 'Anxiety', 'Hate']"
3258,"['Expect', 'Love']"
3259,"['Anger', 'Hate']"
3260,"['Love', 'Sorrow', 'Joy']"
3261,"['Love', 'Joy', 'Surprise']"
3262,"['Anger', 'Love', 'Joy']"
3263,"['Anger', 'Anxiety']"
3264,"['Anger', 'Hate']"
3265,"['Anger', 'Anxiety', 'Hate']"
3266,"['Sorrow', 'Anxiety']"
3267,"['Anxiety', 'Hate', 'Surprise']"
3268,"['Love', 'Joy']"
3269,"['Love', 'Sorrow', 'Anxiety', 'Hate']"
3270,"[Sorrow]"
3271,"[Love]"
3272,"['Anger', 'Anxiety', 'Hate']"
3273,"['Expect', 'Love']"
3274,"[Anxiety]"
3275,"['Sorrow', 'Anxiety']"
3276,"['Sorrow', 'Anxiety', 'Hate']"
3277,"['Love', 'Joy']"
3278,"[Anxiety]"
3279,"[Love]"
3280,"['Expect', 'Love', 'Joy']"
3281,"['Anger', 'Sorrow', 'Anxiety']"
3282,"['Anger', 'Sorrow', 'Hate']"
3283,"['Love', 'Joy']"
3284,"['Love', 'Sorrow', 'Hate']"
3285,"[Surprise]"
3286,"['Expect', 'Hate']"
3287,"[Anxiety]"
3288,"[Love]"
3289,"['Love', 'Joy']"
3290,"['Sorrow', 'Anxiety']"
3291,"['Anxiety', 'Hate']"
3292,"[Love]"
3293,"['Sorrow', 'Anxiety']"
3294,"['Anger', 'Hate']"
3295,"['Anger', 'Hate']"
3296,"['Expect', 'Love', 'Joy']"
3297,"['Love', 'Sorrow', 'Anxiety']"
3298,"['Expect', 'Love']"
3299,"[Anxiety]"
3300,"['Love', 'Joy']"
3301,"['Sorrow', 'Anxiety']"
3302,"['Love', 'Joy']"
3303,"['Joy', 'Surprise']"
3304,"['Anger', 'Sorrow', 'Anxiety', 'Hate']"
3305,"['Love', 'Joy', 'Surprise']"
3306,"['Sorrow', 'Anxiety']"
3307,"['Expect', 'Love', 'Joy']"
3308,"['Expect', 'Love']"
3309,"['Sorrow', 'Anxiety']"
3310,"[Love]"
3311,"[Love]"
3312,"[Anxiety]"
3313,"['Expect', 'Love', 'Joy']"
3314,"['Love', 'Joy']"
3315,"['Expect', 'Anxiety']"
3316,"['Love', 'Sorrow', 'Hate']"
3317,"[Love]"
3318,"[Joy]"
3319,"[Love]"
3320,"['Love', 'Sorrow']"
3321,"['Expect', 'Love']"
3322,"['Expect', 'Love', 'Joy']"
3323,"['Expect', 'Love', 'Joy']"
3324,"[Anxiety]"
3325,"[Sorrow]"
3326,"['Anger', 'Love', 'Hate', 'Joy']"
3327,"['Sorrow', 'Anxiety']"
3328,"['Love', 'Surprise']"
3329,"['Love', 'Joy']"
3330,"['Love', 'Joy']"
3331,"['Anxiety', 'Hate']"
3332,"[Love]"
3333,"['Love', 'Joy']"
3334,"[Love]"
3335,"[Love]"
3336,"['Anger', 'Hate']"
3337,"['Love', 'Sorrow', 'Joy']"
3338,"['Expect', 'Anxiety', 'Hate']"
3339,"['Love', 'Joy']"
3340,"[Expect]"
3341,"['Anger', 'Hate']"
3342,"['Expect', 'Love']"
3343,"['Love', 'Joy']"
3344,"['Love', 'Joy']"
3345,"['Expect', 'Hate']"
3346,"['Anger', 'Hate']"
3347,"['Sorrow', 'Anxiety']"
3348,"[Expect]"
3349,"[Love]"
3350,"[Sorrow]"
3351,"[Love]"
3352,"[Joy]"
3353,"['Sorrow', 'Anxiety']"
3354,"[Joy]"
3355,"[Love]"
3356,"[Anxiety]"
3357,"['Anger', 'Anxiety']"
3358,"[Hate]"
3359,"['Expect', 'Love']"
3360,"['Love', 'Anxiety']"
3361,"['Love', 'Hate']"
3362,"['Love', 'Joy']"
3363,"['Sorrow', 'Anxiety']"
3364,"[Love]"
3365,"[Anxiety]"
3366,"['Sorrow', 'Anxiety']"
3367,"[Love]"
3368,"['Love', 'Hate', 'Joy']"
3369,"['Sorrow', 'Anxiety']"
3370,"['Expect', 'Love', 'Anxiety', 'Joy']"
3371,"['Love', 'Joy']"
3372,"['Love', 'Joy']"
3373,"['Sorrow', 'Anxiety']"
3374,"['Expect', 'Love', 'Joy']"
3375,"['Sorrow', 'Anxiety']"
3376,"['Expect', 'Love']"
3377,"[Love]"
3378,"['Sorrow', 'Anxiety']"
3379,"['Anger', 'Anxiety', 'Hate']"
3380,"['Sorrow', 'Anxiety']"
3381,"[Expect]"
3382,"['Anger', 'Anxiety']"
3383,"[Expect]"
3384,"['Sorrow', 'Anxiety']"
3385,"['Love', 'Hate']"
3386,"[Love]"
3387,"['Anger', 'Hate']"
3388,"['Anger', 'Sorrow', 'Anxiety', 'Hate']"
3389,"['Anger', 'Hate']"
3390,"['Expect', 'Love', 'Joy']"
3391,"['Expect', 'Love']"
3392,"['Expect', 'Love', 'Joy']"
3393,"['Expect', 'Love', 'Anxiety']"
3394,"['Anger', 'Love', 'Hate']"
3395,"['Love', 'Joy', 'Surprise']"
3396,"['Love', 'Anxiety']"
3397,"['Anger', 'Anxiety', 'Hate']"
3398,"['Love', 'Joy']"
3399,"['Love', 'Anxiety']"
3400,"[Anxiety]"
3401,"['Anxiety', 'Hate']"
3402,"['Love', 'Joy']"
3403,"[Anxiety]"
3404,"['Love', 'Joy']"
3405,"['Expect', 'Love']"
3406,"['Sorrow', 'Anxiety']"
3407,"['Sorrow', 'Anxiety']"
3408,"['Sorrow', 'Anxiety', 'Hate', 'Surprise']"
3409,"['Love', 'Hate']"
3410,"['Anxiety', 'Hate']"
3411,"['Love', 'Joy']"
3412,"['Anger', 'Anxiety']"
3413,"['Love', 'Joy']"
3414,"['Expect', 'Sorrow', 'Anxiety']"
3415,"['Anger', 'Anxiety']"
3416,"['Sorrow', 'Anxiety']"
3417,"['Love', 'Joy']"
3418,"['Sorrow', 'Anxiety']"
3419,"[Anxiety]"
3420,"[Expect]"
3421,"[Anxiety]"
3422,"['Love', 'Joy']"
3423,"['Sorrow', 'Anxiety']"
3424,"['Sorrow', 'Anxiety']"
3425,"['Love', 'Joy']"
3426,"['Sorrow', 'Anxiety']"
3427,"[Love]"
3428,"[Anxiety]"
3429,"['Sorrow', 'Anxiety']"
3430,"['Love', 'Joy']"
3431,"['Sorrow', 'Anxiety']"
3432,"['Sorrow', 'Anxiety']"
3433,"['Anger', 'Hate']"
3434,"['Expect', 'Love']"
3435,"['Expect', 'Anxiety']"
3436,"['Love', 'Joy']"
3437,"['Sorrow', 'Anxiety', 'Hate']"
3438,"['Sorrow', 'Anxiety']"
3439,"['Love', 'Joy']"
3440,"['Love', 'Surprise']"
3441,"['Anger', 'Anxiety', 'Hate']"
3442,"['Sorrow', 'Anxiety', 'Hate']"
3443,"['Love', 'Sorrow', 'Joy']"
3444,"['Expect', 'Anxiety']"
3445,"['Sorrow', 'Anxiety', 'Hate']"
3446,"['Expect', 'Love']"
3447,"['Expect', 'Anxiety']"
3448,"['Anger', 'Hate']"
3449,"['Anxiety', 'Surprise']"
3450,"['Expect', 'Joy']"
3451,"['Love', 'Sorrow', 'Anxiety']"
3452,"['Expect', 'Love', 'Joy']"
3453,"['Expect', 'Sorrow', 'Anxiety']"
3454,"['Sorrow', 'Anxiety']"
3455,"[Love]"
3456,"['Love', 'Anxiety']"
3457,"['Expect', 'Love', 'Joy']"
3458,"['Love', 'Joy']"
3459,"[Anxiety]"
3460,"['Anger', 'Anxiety', 'Hate']"
3461,"['Anger', 'Sorrow', 'Hate']"
3462,"['Anger', 'Sorrow', 'Anxiety']"
3463,"['Anger', 'Sorrow', 'Anxiety', 'Hate']"
3464,"['Sorrow', 'Anxiety']"
3465,"[Joy]"
3466,"['Sorrow', 'Anxiety']"
3467,"[Love]"
3468,"['Sorrow', 'Anxiety']"
3469,"[Love]"
3470,"[Joy]"
3471,"['Love', 'Joy', 'Surprise']"
3472,"[Love]"
3473,"['Sorrow', 'Anxiety']"
3474,"['Hate', 'Joy']"
3475,"['Expect', 'Love']"
3476,"[Expect]"
3477,"['Love', 'Hate']"
3478,"[Anxiety]"
3479,"['Expect', 'Joy']"
3480,"['Anger', 'Sorrow', 'Anxiety', 'Hate']"
3481,"[Anger]"
3482,"['Expect', 'Love']"
3483,"['Expect', 'Sorrow', 'Anxiety']"
3484,"[Love]"
3485,"['Love', 'Joy']"
3486,"['Love', 'Joy']"
3487,"['Anger', 'Hate']"
3488,"['Love', 'Sorrow']"
3489,"['Love', 'Anxiety']"
3490,"['Sorrow', 'Anxiety']"
3491,"['Expect', 'Love']"
3492,"[Love]"
3493,"['Anger', 'Hate', 'Surprise']"
3494,"['Expect', 'Love', 'Joy']"
3495,"['Love', 'Joy']"
3496,"[Anxiety]"
3497,"['Sorrow', 'Anxiety']"
3498,"['Sorrow', 'Anxiety']"
3499,"['Expect', 'Joy']"
3500,"['Sorrow', 'Anxiety']"
3501,"['Love', 'Joy']"
3502,"['Anger', 'Hate']"
3503,"[Love]"
3504,"[Joy]"
3505,"[Love]"
3506,"['Sorrow', 'Anxiety']"
3507,"[Love]"
3508,"['Love', 'Joy']"
3509,"['Sorrow', 'Anxiety']"
3510,"['Love', 'Joy']"
3511,"['Sorrow', 'Anxiety']"
3512,"['Sorrow', 'Anxiety']"
3513,"['Expect', 'Sorrow']"
3514,"[Anxiety]"
3515,"[Hate]"
3516,"['Love', 'Joy']"
3517,"['Expect', 'Love']"
3518,"['Expect', 'Sorrow', 'Anxiety']"
3519,"[Expect]"
3520,"['Sorrow', 'Anxiety']"
3521,"[Love]"
3522,"['Love', 'Joy']"
3523,"['Love', 'Joy']"
3524,"[Anxiety]"
3525,"['Expect', 'Anxiety']"
3526,"['Love', 'Joy']"
3527,"['Love', 'Joy']"
3528,"['Sorrow', 'Anxiety']"
3529,"['Sorrow', 'Anxiety']"
3530,"['Sorrow', 'Anxiety']"
3531,"['Expect', 'Anxiety', 'Hate']"
3532,"['Expect', 'Love', 'Joy']"
3533,"['Love', 'Joy']"
3534,"['Sorrow', 'Anxiety', 'Surprise']"
3535,"['Expect', 'Anxiety', 'Hate']"
3536,"[Anxiety]"
3537,"['Sorrow', 'Anxiety', 'Hate']"
3538,"['Love', 'Hate']"
3539,"['Sorrow', 'Anxiety']"
3540,"['Love', 'Sorrow']"
3541,"['Sorrow', 'Anxiety']"
3542,"['Love', 'Joy']"
3543,"['Expect', 'Love', 'Anxiety']"
3544,"['Anger', 'Love', 'Anxiety', 'Joy']"
3545,"['Expect', 'Anxiety']"
3546,"[Anxiety]"
3547,"['Anger', 'Hate']"
3548,"['Anger', 'Expect', 'Hate']"
3549,"[Anxiety]"
3550,"['Love', 'Joy']"
3551,"['Anger', 'Anxiety']"
3552,"[Anxiety]"
3553,"[Expect]"
3554,"['Love', 'Surprise']"
3555,"[Anxiety]"
3556,"[]"
3557,"[Anxiety]"
3558,"[Anger]"
3559,"['Sorrow', 'Anxiety', 'Hate', 'Surprise']"
3560,"['Expect', 'Anxiety']"
3561,"['Love', 'Joy']"
3562,"['Love', 'Joy']"
3563,"[Anxiety]"
3564,"[Joy]"
3565,"[Expect]"
3566,"[Anxiety]"
3567,"['Love', 'Joy']"
3568,"[Joy]"
3569,"['Sorrow', 'Anxiety']"
3570,"['Sorrow', 'Anxiety']"
3571,"['Love', 'Hate']"
3572,"[Anxiety]"
3573,"['Anger', 'Sorrow', 'Anxiety']"
3574,"[Sorrow]"
3575,"[Love]"
3576,"['Love', 'Joy']"
3577,"['Sorrow', 'Anxiety']"
3578,"['Love', 'Joy']"
3579,"['Sorrow', 'Anxiety']"
3580,"[Anxiety]"
3581,"['Love', 'Joy']"
3582,"['Sorrow', 'Anxiety']"
3583,"[Love]"
3584,"['Expect', 'Love', 'Joy']"
3585,"['Sorrow', 'Anxiety']"
3586,"['Expect', 'Anxiety']"
3587,"[Love]"
3588,"[Anxiety]"
3589,"['Anger', 'Hate']"
3590,"['Sorrow', 'Anxiety']"
3591,"[Love]"
3592,"['Expect', 'Love']"
3593,"['Sorrow', 'Anxiety']"
3594,"['Sorrow', 'Anxiety']"
3595,"['Expect', 'Anxiety']"
3596,"['Expect', 'Love']"
3597,"['Love', 'Joy']"
3598,"['Love', 'Joy']"
3599,"[Hate]"
3600,"['Love', 'Hate', 'Joy']"
3601,"['Love', 'Joy']"
3602,"['Sorrow', 'Anxiety', 'Hate']"
3603,"['Love', 'Joy']"
3604,"['Sorrow', 'Anxiety']"
3605,"['Expect', 'Love']"
3606,"['Sorrow', 'Anxiety']"
3607,"['Anger', 'Sorrow', 'Anxiety', 'Hate']"
3608,"['Love', 'Joy']"
3609,"[Love]"
3610,"['Love', 'Joy']"
3611,"['Sorrow', 'Anxiety', 'Hate']"
3612,"['Sorrow', 'Anxiety']"
3613,"[Love]"
3614,"['Love', 'Joy']"
3615,"['Sorrow', 'Anxiety']"
3616,"['Sorrow', 'Anxiety']"
3617,"['Expect', 'Love', 'Joy']"
3618,"['Sorrow', 'Anxiety']"
3619,"[Love]"
3620,"['Expect', 'Sorrow', 'Anxiety', 'Hate']"
3621,"['Expect', 'Love', 'Joy']"
3622,"['Anger', 'Hate']"
3623,"['Anger', 'Hate']"
3624,"['Love', 'Anxiety', 'Surprise']"
3625,"['Love', 'Sorrow', 'Anxiety']"
3626,"[Love]"
3627,"['Expect', 'Anxiety', 'Hate']"
3628,"[Expect]"
3629,"[Anxiety]"
3630,"[Anger]"
3631,"['Anger', 'Hate']"
3632,"['Expect', 'Love', 'Joy']"
3633,"['Love', 'Joy']"
3634,"[Hate]"
3635,"['Love', 'Sorrow']"
3636,"['Expect', 'Anxiety', 'Hate']"
3637,"['Sorrow', 'Anxiety']"
3638,"['Sorrow', 'Anxiety']"
3639,"['Anger', 'Anxiety']"
3640,"[Love]"
3641,"['Love', 'Joy']"
3642,"['Anger', 'Expect', 'Sorrow', 'Anxiety', 'Hate']"
3643,"[Anxiety]"
3644,"['Expect', 'Love', 'Sorrow', 'Anxiety']"
3645,"['Anger', 'Anxiety', 'Hate']"
3646,"['Love', 'Sorrow', 'Anxiety']"
3647,"['Sorrow', 'Anxiety']"
3648,"['Anger', 'Sorrow', 'Anxiety', 'Hate']"
3649,"['Love', 'Joy']"
3650,"['Anger', 'Anxiety', 'Hate']"
3651,"['Love', 'Anxiety']"
3652,"[Love]"
3653,"[Love]"
3654,"['Anger', 'Anxiety']"
3655,"['Anger', 'Sorrow', 'Anxiety', 'Hate']"
3656,"[Anxiety]"
3657,"[Expect]"
3658,"['Anger', 'Sorrow', 'Anxiety', 'Hate']"
3659,"['Love', 'Joy']"
3660,"['Sorrow', 'Anxiety']"
3661,"['Expect', 'Love']"
3662,"[Anxiety]"
3663,"['Expect', 'Love', 'Joy']"
3664,"['Love', 'Hate']"
3665,"['Love', 'Joy']"
3666,"['Love', 'Anxiety', 'Hate']"
3667,"['Love', 'Joy']"
3668,"['Expect', 'Love']"
3669,"['Expect', 'Love', 'Joy']"
3670,"[Anxiety]"
3671,"['Sorrow', 'Anxiety']"
3672,"['Love', 'Sorrow', 'Joy']"
3673,"[Love]"
3674,"['Anxiety', 'Joy']"
3675,"['Sorrow', 'Anxiety']"
3676,"[Love]"
3677,"['Sorrow', 'Anxiety']"
3678,"[Joy]"
3679,"['Love', 'Joy']"
3680,"['Anger', 'Hate']"
3681,"['Love', 'Sorrow']"
3682,"['Sorrow', 'Anxiety']"
3683,"['Love', 'Sorrow', 'Anxiety']"
3684,"[Expect]"
3685,"['Anxiety', 'Surprise']"
3686,"[Joy]"
3687,"['Love', 'Joy']"
3688,"['Expect', 'Anxiety']"
3689,"[Love]"
3690,"[]"
3691,"['Anger', 'Sorrow', 'Anxiety', 'Hate']"
3692,"['Expect', 'Hate']"
3693,"['Sorrow', 'Anxiety']"
3694,"['Expect', 'Love']"
3695,"[Anxiety]"
3696,"['Sorrow', 'Anxiety', 'Hate']"
3697,"[Anxiety]"
3698,"[Anxiety]"
3699,"['Sorrow', 'Anxiety']"
3700,"['Anger', 'Anxiety', 'Hate']"
3701,"[Anxiety]"
3702,"['Sorrow', 'Anxiety', 'Hate']"
3703,"[Anxiety]"
3704,"[Anxiety]"
3705,"['Expect', 'Love']"
3706,"['Anger', 'Sorrow', 'Anxiety', 'Hate']"
3707,"[Anxiety]"
3708,"['Anger', 'Sorrow', 'Anxiety', 'Hate']"
3709,"[Love]"
3710,"['Sorrow', 'Anxiety']"
3711,"[Anxiety]"
3712,"['Sorrow', 'Anxiety']"
3713,"['Love', 'Hate']"
3714,"['Expect', 'Joy']"
3715,"[Love]"
3716,"['Love', 'Joy']"
3717,"[Anxiety]"
3718,"['Love', 'Joy']"
3719,"['Expect', 'Love', 'Joy']"
3720,"['Love', 'Hate']"
3721,"[Expect]"
3722,"['Expect', 'Love', 'Joy']"
3723,"[Sorrow]"
3724,"['Sorrow', 'Anxiety']"
3725,"['Love', 'Joy']"
3726,"['Expect', 'Sorrow', 'Anxiety']"
3727,"['Anger', 'Hate']"
3728,"['Sorrow', 'Anxiety']"
3729,"['Expect', 'Love']"
3730,"[Love]"
3731,"['Anxiety', 'Surprise']"
3732,"['Love', 'Joy']"
3733,"['Anger', 'Love', 'Hate']"
3734,"[Love]"
3735,"[Joy]"
3736,"['Love', 'Joy']"
3737,"['Anger', 'Hate']"
3738,"['Expect', 'Love', 'Joy']"
3739,"[Love]"
3740,"['Anger', 'Sorrow', 'Anxiety', 'Hate']"
3741,"['Love', 'Joy']"
3742,"['Anxiety', 'Hate']"
3743,"[Anxiety]"
3744,"['Expect', 'Love', 'Sorrow']"
3745,"['Love', 'Joy']"
3746,"['Love', 'Anxiety']"
3747,"['Love', 'Anxiety', 'Joy']"
3748,"['Love', 'Sorrow']"
3749,"[Anxiety]"
3750,"['Expect', 'Love', 'Joy']"
3751,"['Sorrow', 'Anxiety']"
3752,"[Love]"
3753,"['Love', 'Joy']"
3754,"['Anger', 'Anxiety']"
3755,"['Love', 'Anxiety']"
3756,"['Anger', 'Anxiety']"
3757,"['Love', 'Joy']"
3758,"['Anger', 'Sorrow', 'Anxiety', 'Hate', 'Surprise']"
3759,"[Anxiety]"
3760,"[Love]"
3761,"['Sorrow', 'Anxiety']"
3762,"['Anger', 'Anxiety', 'Hate']"
3763,"['Love', 'Joy']"
3764,"['Anger', 'Expect', 'Love', 'Hate']"
3765,"[Love]"
3766,"['Anger', 'Love', 'Hate']"
3767,"['Expect', 'Anxiety', 'Hate']"
3768,"['Love', 'Joy']"
3769,"['Sorrow', 'Anxiety']"
3770,"['Love', 'Joy']"
3771,"['Love', 'Joy']"
3772,"['Sorrow', 'Anxiety']"
3773,"['Love', 'Sorrow', 'Anxiety']"
3774,"[Surprise]"
3775,"['Expect', 'Love', 'Joy']"
3776,"['Expect', 'Joy']"
3777,"['Love', 'Sorrow', 'Anxiety']"
3778,"[Expect]"
3779,"['Love', 'Joy']"
3780,"['Love', 'Joy']"
3781,"['Sorrow', 'Anxiety']"
3782,"['Sorrow', 'Anxiety']"
3783,"['Expect', 'Joy']"
3784,"['Sorrow', 'Anxiety', 'Hate']"
3785,"['Anger', 'Anxiety', 'Hate']"
3786,"[Expect]"
3787,"['Expect', 'Sorrow', 'Anxiety']"
3788,"['Anger', 'Hate']"
3789,"['Sorrow', 'Anxiety']"
3790,"[Sorrow]"
3791,"['Sorrow', 'Anxiety']"
3792,"['Anxiety', 'Hate']"
3793,"['Love', 'Joy', 'Surprise']"
3794,"['Expect', 'Joy']"
3795,"['Anger', 'Anxiety', 'Hate']"
3796,"['Anger', 'Anxiety', 'Hate']"
3797,"['Expect', 'Love', 'Joy']"
3798,"[Love]"
3799,"['Sorrow', 'Anxiety']"
3800,"[Anxiety]"
3801,"[Anxiety]"
3802,"['Love', 'Joy']"
3803,"['Sorrow', 'Anxiety']"
3804,"[Love]"
3805,"['Love', 'Joy']"
3806,"['Expect', 'Love', 'Joy']"
3807,"['Love', 'Joy']"
3808,"['Love', 'Joy']"
3809,"['Anger', 'Expect', 'Sorrow', 'Anxiety']"
3810,"['Anger', 'Anxiety', 'Hate']"
3811,"['Anger', 'Sorrow', 'Hate']"
3812,"[Surprise]"
3813,"['Anger', 'Anxiety', 'Hate']"
3814,"['Anger', 'Sorrow', 'Anxiety', 'Hate']"
3815,"['Love', 'Joy']"
3816,"['Expect', 'Love', 'Joy']"
3817,"['Love', 'Joy']"
3818,"['Love', 'Joy']"
3819,"['Expect', 'Love']"
3820,"[Anxiety]"
3821,"['Expect', 'Anxiety']"
3822,"['Anger', 'Sorrow', 'Anxiety', 'Hate']"
3823,"['Expect', 'Love', 'Joy']"
3824,"['Anger', 'Anxiety', 'Hate']"
3825,"['Expect', 'Love', 'Joy']"
3826,"['Expect', 'Anxiety']"
3827,"['Love', 'Anxiety']"
3828,"['Love', 'Joy']"
3829,"['Sorrow', 'Anxiety']"
3830,"['Anger', 'Anxiety', 'Hate']"
3831,"['Expect', 'Love', 'Joy']"
3832,"['Love', 'Joy']"
3833,"[Expect]"
3834,"['Anxiety', 'Hate']"
3835,"['Anger', 'Hate']"
3836,"['Expect', 'Sorrow', 'Anxiety']"
3837,"['Expect', 'Joy']"
3838,"['Sorrow', 'Anxiety']"
3839,"['Sorrow', 'Anxiety']"
3840,"['Love', 'Sorrow', 'Joy']"
3841,"[Hate]"
3842,"[Anxiety]"
3843,"['Love', 'Joy']"
3844,"[Love]"
3845,"['Expect', 'Love', 'Anxiety']"
3846,"['Expect', 'Love', 'Joy']"
3847,"['Anger', 'Hate']"
3848,"['Anger', 'Hate']"
3849,"['Anxiety', 'Hate']"
3850,"['Love', 'Joy']"
3851,"['Anger', 'Anxiety', 'Hate']"
3852,"[Love]"
3853,"['Sorrow', 'Anxiety']"
3854,"['Sorrow', 'Anxiety']"
3855,"['Sorrow', 'Anxiety']"
3856,"[Love]"
3857,"[Joy]"
3858,"[Hate]"
3859,"['Love', 'Joy']"
3860,"['Sorrow', 'Anxiety', 'Hate']"
3861,"[Love]"
3862,"['Anger', 'Expect', 'Anxiety', 'Hate']"
3863,"['Love', 'Joy']"
3864,"[Joy]"
3865,"['Sorrow', 'Anxiety']"
3866,"['Expect', 'Love']"
3867,"['Expect', 'Love']"
3868,"['Expect', 'Love']"
3869,"['Anxiety', 'Surprise']"
3870,"['Anger', 'Anxiety']"
3871,"['Anger', 'Anxiety', 'Hate']"
3872,"[Love]"
3873,"['Sorrow', 'Anxiety']"
3874,"['Anger', 'Expect', 'Anxiety', 'Hate']"
3875,"['Sorrow', 'Anxiety']"
3876,"['Sorrow', 'Anxiety']"
3877,"[Anxiety]"
3878,"['Anxiety', 'Hate']"
3879,"['Sorrow', 'Anxiety']"
3880,"['Love', 'Anxiety', 'Joy']"
3881,"['Love', 'Sorrow', 'Anxiety']"
3882,"['Anger', 'Expect', 'Anxiety', 'Hate']"
3883,"[Love]"
3884,"['Sorrow', 'Anxiety']"
3885,"['Sorrow', 'Anxiety']"
3886,"['Expect', 'Love', 'Joy']"
3887,"['Anger', 'Sorrow', 'Anxiety', 'Hate']"
3888,"['Love', 'Joy']"
3889,"['Love', 'Joy']"
3890,"['Sorrow', 'Anxiety']"
3891,"['Sorrow', 'Anxiety']"
3892,"[Anxiety]"
3893,"['Love', 'Joy']"
3894,"['Anger', 'Sorrow', 'Anxiety', 'Hate']"
3895,"['Anger', 'Sorrow', 'Anxiety']"
3896,"['Expect', 'Love']"
3897,"[Love]"
3898,"['Sorrow', 'Anxiety']"
3899,"['Love', 'Joy', 'Surprise']"
3900,"['Love', 'Sorrow', 'Anxiety']"
3901,"['Expect', 'Love', 'Joy']"
3902,"[Expect]"
3903,"['Sorrow', 'Anxiety']"
3904,"['Sorrow', 'Anxiety', 'Hate']"
3905,"['Anger', 'Sorrow', 'Anxiety', 'Hate']"
3906,"['Sorrow', 'Anxiety']"
3907,"['Sorrow', 'Anxiety']"
3908,"[Love]"
3909,"['Love', 'Joy']"
3910,"['Sorrow', 'Anxiety']"
3911,"['Love', 'Anxiety']"
3912,"[Love]"
3913,"['Sorrow', 'Anxiety', 'Surprise']"
3914,"['Love', 'Anxiety']"
3915,"['Expect', 'Sorrow', 'Anxiety']"
3916,"['Expect', 'Love', 'Joy']"
3917,"['Expect', 'Love', 'Anxiety']"
3918,"['Anger', 'Anxiety']"
3919,"['Anger', 'Anxiety', 'Hate']"
3920,"['Expect', 'Love']"
3921,"['Sorrow', 'Anxiety']"
3922,"[Joy]"
3923,"[Joy]"
3924,"[Expect]"
3925,"['Anger', 'Expect', 'Hate']"
3926,"['Sorrow', 'Anxiety']"
3927,"['Sorrow', 'Anxiety']"
3928,"['Sorrow', 'Anxiety']"
3929,"[Joy]"
3930,"['Love', 'Joy', 'Surprise']"
3931,"['Anger', 'Anxiety', 'Hate']"
3932,"['Anger', 'Hate']"
3933,"['Sorrow', 'Anxiety']"
3934,"['Love', 'Joy']"
3935,"[Anxiety]"
3936,"['Sorrow', 'Anxiety']"
3937,"[Joy]"
3938,"['Anger', 'Hate']"
3939,"[Anxiety]"
3940,"['Love', 'Sorrow']"
3941,"['Love', 'Anxiety']"
3942,"['Anger', 'Anxiety']"
3943,"['Love', 'Joy']"
3944,"['Sorrow', 'Anxiety']"
3945,"['Anxiety', 'Hate']"
3946,"['Love', 'Joy', 'Surprise']"
3947,"['Sorrow', 'Anxiety']"
3948,"[Love]"
3949,"['Love', 'Joy']"
3950,"['Anger', 'Hate']"
3951,"['Sorrow', 'Anxiety']"
3952,"['Sorrow', 'Anxiety']"
3953,"[Anxiety]"
3954,"['Anger', 'Hate']"
3955,"[Love]"
3956,"['Anger', 'Sorrow', 'Hate']"
3957,"['Anger', 'Sorrow', 'Hate']"
3958,"['Love', 'Joy']"
3959,"['Expect', 'Anxiety']"
3960,"[Love]"
3961,"['Anger', 'Hate']"
3962,"['Love', 'Anxiety']"
3963,"['Anger', 'Hate']"
3964,"['Sorrow', 'Anxiety']"
3965,"['Anger', 'Sorrow', 'Anxiety', 'Hate']"
3966,"['Love', 'Joy']"
3967,"[Love]"
3968,"['Expect', 'Love']"
3969,"['Love', 'Sorrow', 'Anxiety']"
3970,"[Love]"
3971,"['Expect', 'Anxiety']"
3972,"['Love', 'Anxiety', 'Surprise']"
3973,"['Love', 'Joy']"
3974,"['Anger', 'Hate']"
3975,"['Sorrow', 'Anxiety']"
3976,"['Love', 'Joy']"
3977,"['Love', 'Joy']"
3978,"['Anger', 'Anxiety', 'Hate']"
3979,"[Love]"
3980,"['Love', 'Joy']"
3981,"['Anger', 'Hate']"
3982,"['Sorrow', 'Anxiety', 'Hate']"
3983,"[Joy]"
3984,"['Love', 'Joy']"
3985,"['Anger', 'Sorrow', 'Anxiety']"
3986,"['Love', 'Sorrow']"
3987,"['Sorrow', 'Anxiety']"
3988,"['Anger', 'Hate']"
3989,"['Sorrow', 'Anxiety']"
3990,"['Expect', 'Love', 'Joy']"
3991,"['Anger', 'Sorrow', 'Anxiety']"
3992,"['Expect', 'Love', 'Joy']"
3993,"[Love]"
3994,"[Sorrow]"
3995,"['Love', 'Joy']"
3996,"['Sorrow', 'Anxiety']"
3997,"[Anxiety]"
3998,"['Sorrow', 'Anxiety']"
3999,"[Love]"
4000,"['Expect', 'Love', 'Joy']"
4001,"['Love', 'Joy']"
4002,"['Love', 'Joy', 'Surprise']"
4003,"['Love', 'Joy']"
4004,"['Expect', 'Sorrow']"
4005,"[Anxiety]"
4006,"['Sorrow', 'Anxiety', 'Hate']"
4007,"[Anxiety]"
4008,"['Love', 'Joy']"
4009,"['Love', 'Sorrow', 'Anxiety']"
4010,"[Anxiety]"
4011,"['Sorrow', 'Anxiety']"
4012,"['Anger', 'Expect', 'Anxiety']"
4013,"['Expect', 'Love', 'Joy']"
4014,"['Sorrow', 'Anxiety']"
4015,"['Expect', 'Love', 'Joy']"
4016,"[Sorrow]"
4017,"['Anger', 'Sorrow', 'Anxiety']"
4018,"['Expect', 'Love', 'Hate']"
4019,"['Expect', 'Love']"
4020,"['Love', 'Surprise']"
4021,"['Anger', 'Anxiety', 'Hate']"
4022,"['Expect', 'Love', 'Joy']"
4023,"[Love]"
4024,"['Sorrow', 'Anxiety']"
4025,"['Sorrow', 'Anxiety']"
4026,"['Love', 'Joy']"
4027,"['Sorrow', 'Anxiety']"
4028,"['Love', 'Joy']"
4029,"[Anxiety]"
4030,"['Love', 'Hate']"
4031,"['Sorrow', 'Anxiety']"
4032,"['Sorrow', 'Anxiety']"
4033,"['Love', 'Sorrow', 'Joy']"
4034,"['Expect', 'Love', 'Joy']"
4035,"['Sorrow', 'Anxiety', 'Hate']"
4036,"['Sorrow', 'Anxiety']"
4037,"['Expect', 'Love', 'Anxiety']"
4038,"['Expect', 'Love']"
4039,"[Anxiety]"
4040,"['Expect', 'Love']"
4041,"[Love]"
4042,"[Expect]"
4043,"[Love]"
4044,"['Sorrow', 'Anxiety']"
4045,"['Anger', 'Anxiety']"
4046,"['Anger', 'Anxiety', 'Hate']"
4047,"['Sorrow', 'Anxiety']"
4048,"['Sorrow', 'Anxiety']"
4049,"[Anxiety]"
4050,"[Anxiety]"
4051,"['Sorrow', 'Anxiety']"
4052,"['Sorrow', 'Anxiety', 'Hate']"
4053,"['Love', 'Joy']"
4054,"['Expect', 'Joy']"
4055,"['Expect', 'Joy']"
4056,"['Anxiety', 'Hate']"
4057,"['Love', 'Joy']"
4058,"['Love', 'Anxiety']"
4059,"['Expect', 'Love', 'Joy']"
4060,"['Sorrow', 'Anxiety']"
4061,"[Sorrow]"
4062,"['Anxiety', 'Hate']"
4063,"['Expect', 'Love', 'Joy']"
4064,"['Expect', 'Love', 'Joy']"
4065,"['Sorrow', 'Anxiety']"
4066,"['Sorrow', 'Anxiety']"
4067,"['Anger', 'Anxiety', 'Hate']"
4068,"['Sorrow', 'Anxiety']"
4069,"['Anger', 'Anxiety', 'Hate']"
4070,"['Expect', 'Anxiety']"
4071,"['Love', 'Joy']"
4072,"[Surprise]"
4073,"['Love', 'Surprise']"
4074,"['Expect', 'Joy']"
4075,"[Love]"
4076,"[Love]"
4077,"['Anger', 'Anxiety', 'Surprise']"
4078,"['Anger', 'Hate']"
4079,"['Anger', 'Anxiety', 'Hate']"
4080,"['Sorrow', 'Anxiety']"
4081,"['Anxiety', 'Hate']"
4082,"[Love]"
4083,"[Love]"
4084,"['Anger', 'Expect', 'Sorrow', 'Anxiety', 'Hate']"
4085,"['Anger', 'Love']"
4086,"[Sorrow]"
4087,"['Anger', 'Sorrow', 'Anxiety', 'Hate']"
4088,"[Love]"
4089,"[Anxiety]"
4090,"[Love]"
4091,"['Sorrow', 'Anxiety']"
4092,"['Anxiety', 'Hate']"
4093,"['Anxiety', 'Surprise']"
4094,"['Love', 'Joy']"
4095,"['Love', 'Joy']"
4096,"['Anger', 'Hate']"
4097,"[Expect]"
4098,"['Expect', 'Love']"
4099,"['Love', 'Joy']"
4100,"['Sorrow', 'Anxiety']"
4101,"[Anxiety]"
4102,"['Sorrow', 'Anxiety']"
4103,"['Sorrow', 'Anxiety']"
4104,"[Love]"
4105,"[Love]"
4106,"['Expect', 'Love', 'Joy']"
4107,"['Love', 'Surprise']"
4108,"['Anger', 'Expect', 'Love']"
4109,"['Expect', 'Sorrow', 'Anxiety', 'Hate']"
4110,"[Love]"
4111,"['Sorrow', 'Anxiety']"
4112,"['Sorrow', 'Anxiety']"
4113,"[Expect]"
4114,"[Love]"
4115,"['Anger', 'Anxiety']"
4116,"['Anger', 'Anxiety', 'Hate', 'Surprise']"
4117,"['Anger', 'Expect', 'Hate']"
4118,"['Love', 'Joy']"
4119,"['Expect', 'Sorrow', 'Anxiety']"
4120,"['Expect', 'Sorrow', 'Anxiety']"
4121,"[Love]"
4122,"[Love]"
4123,"[Love]"
4124,"['Sorrow', 'Anxiety']"
4125,"['Anxiety', 'Hate']"
4126,"['Love', 'Sorrow']"
4127,"['Sorrow', 'Anxiety']"
4128,"['Sorrow', 'Anxiety']"
4129,"['Love', 'Joy']"
4130,"['Anger', 'Anxiety', 'Surprise']"
4131,"['Expect', 'Love']"
4132,"['Anger', 'Hate']"
4133,"['Expect', 'Love', 'Joy']"
4134,"[Anxiety]"
4135,"['Love', 'Joy']"
4136,"['Anger', 'Sorrow', 'Anxiety', 'Hate']"
4137,"['Expect', 'Love', 'Joy']"
4138,"['Expect', 'Love', 'Joy']"
4139,"['Love', 'Sorrow', 'Anxiety']"
4140,"['Anger', 'Sorrow', 'Hate']"
4141,"['Expect', 'Anxiety']"
4142,"['Love', 'Joy']"
4143,"['Love', 'Surprise']"
4144,"['Anger', 'Hate']"
4145,"['Anger', 'Expect', 'Hate']"
4146,"['Sorrow', 'Anxiety']"
4147,"['Sorrow', 'Anxiety']"
4148,"['Expect', 'Joy']"
4149,"[Anxiety]"
4150,"['Anger', 'Anxiety']"
4151,"[Anxiety]"
4152,"['Love', 'Joy']"
4153,"['Expect', 'Sorrow', 'Anxiety']"
4154,"['Love', 'Joy']"
4155,"['Sorrow', 'Anxiety']"
4156,"['Sorrow', 'Anxiety']"
4157,"['Love', 'Joy']"
4158,"[Love]"
4159,"['Love', 'Joy']"
4160,"['Expect', 'Anxiety']"
4161,"['Expect', 'Anxiety']"
4162,"['Love', 'Joy', 'Surprise']"
4163,"['Anger', 'Hate']"
4164,"['Love', 'Joy']"
4165,"[Anxiety]"
4166,"['Love', 'Joy']"
4167,"['Sorrow', 'Anxiety']"
4168,"['Anger', 'Anxiety', 'Hate']"
4169,"['Love', 'Joy']"
4170,"['Expect', 'Love', 'Joy']"
4171,"['Anger', 'Anxiety']"
4172,"['Anger', 'Anxiety', 'Hate']"
4173,"['Love', 'Joy']"
4174,"['Anger', 'Anxiety']"
4175,"['Expect', 'Love', 'Sorrow']"
4176,"['Love', 'Hate', 'Joy']"
4177,"['Sorrow', 'Anxiety']"
4178,"['Sorrow', 'Anxiety']"
4179,"['Expect', 'Love', 'Joy']"
4180,"[Anxiety]"
4181,"['Love', 'Anxiety']"
4182,"[Anxiety]"
4183,"['Love', 'Joy']"
4184,"['Anger', 'Expect', 'Anxiety']"
4185,"['Love', 'Joy']"
4186,"['Anger', 'Love', 'Hate', 'Surprise']"
4187,"['Expect', 'Love']"
4188,"[Love]"
4189,"['Anxiety', 'Hate']"
4190,"[Anxiety]"
4191,"[Joy]"
4192,"['Sorrow', 'Anxiety']"
4193,"['Love', 'Joy']"
4194,"['Sorrow', 'Anxiety']"
4195,"['Sorrow', 'Anxiety', 'Hate']"
4196,"['Expect', 'Love', 'Joy']"
4197,"['Sorrow', 'Anxiety']"
4198,"['Sorrow', 'Anxiety']"
4199,"['Expect', 'Joy']"
4200,"['Love', 'Joy']"
4201,"['Love', 'Joy']"
4202,"['Love', 'Joy']"
4203,"['Expect', 'Love']"
4204,"[Hate]"
4205,"['Love', 'Joy']"
4206,"['Expect', 'Love', 'Joy']"
4207,"['Anger', 'Anxiety', 'Hate']"
4208,"['Expect', 'Love']"
4209,"[Anxiety]"
4210,"['Anger', 'Sorrow', 'Hate']"
4211,"['Expect', 'Anxiety']"
4212,"['Anger', 'Anxiety', 'Hate']"
4213,"['Love', 'Surprise']"
4214,"['Expect', 'Love', 'Joy']"
4215,"[Anxiety]"
4216,"['Sorrow', 'Anxiety', 'Hate']"
4217,"[Expect]"
4218,"['Love', 'Anxiety']"
4219,"['Sorrow', 'Anxiety']"
4220,"[Love]"
4221,"['Love', 'Joy']"
4222,"['Expect', 'Joy']"
4223,"['Anger', 'Sorrow', 'Hate']"
4224,"[Love]"
4225,"['Anger', 'Love', 'Sorrow', 'Anxiety', 'Hate']"
4226,"['Sorrow', 'Anxiety', 'Hate']"
4227,"['Love', 'Joy']"
4228,"[Sorrow]"
4229,"['Anger', 'Love', 'Anxiety']"
4230,"['Anger', 'Sorrow', 'Anxiety', 'Hate', 'Surprise']"
4231,"['Sorrow', 'Anxiety']"
4232,"['Anger', 'Sorrow', 'Anxiety']"
4233,"['Expect', 'Love']"
4234,"['Expect', 'Sorrow', 'Anxiety']"
4235,"['Love', 'Joy']"
4236,"[Expect]"
4237,"['Love', 'Sorrow', 'Hate']"
4238,"['Sorrow', 'Anxiety', 'Hate']"
4239,"['Sorrow', 'Anxiety']"
4240,"['Love', 'Joy']"
4241,"[Anxiety]"
4242,"[Anxiety]"
4243,"['Expect', 'Anxiety']"
4244,"['Anger', 'Anxiety', 'Hate']"
4245,"['Expect', 'Love', 'Joy']"
4246,"[Anxiety]"
4247,"['Expect', 'Love']"
4248,"['Love', 'Joy']"
4249,"[Joy]"
4250,"['Love', 'Sorrow']"
4251,"['Anger', 'Anxiety', 'Hate']"
4252,"['Expect', 'Love']"
4253,"['Love', 'Joy']"
4254,"['Anxiety', 'Surprise']"
4255,"[Hate]"
4256,"['Anger', 'Anxiety', 'Hate']"
4257,"['Love', 'Joy']"
4258,"['Love', 'Joy']"
4259,"['Love', 'Joy']"
4260,"['Love', 'Anxiety']"
4261,"['Anxiety', 'Hate']"
4262,"[Love]"
4263,"[Joy]"
4264,"[Love]"
4265,"['Sorrow', 'Anxiety']"
4266,"['Love', 'Joy', 'Surprise']"
4267,"[Anxiety]"
4268,"['Expect', 'Sorrow', 'Anxiety']"
4269,"['Anger', 'Anxiety', 'Hate']"
4270,"['Anger', 'Hate', 'Surprise']"
4271,"[Love]"
4272,"['Love', 'Joy']"
4273,"['Sorrow', 'Anxiety']"
4274,"['Anger', 'Hate']"
4275,"['Love', 'Joy']"
4276,"['Sorrow', 'Anxiety']"
4277,"['Anger', 'Hate']"
4278,"[Love]"
4279,"['Sorrow', 'Anxiety', 'Hate']"
4280,"['Love', 'Sorrow', 'Joy']"
4281,"['Love', 'Joy']"
4282,"['Anger', 'Anxiety']"
4283,"['Anxiety', 'Hate']"
4284,"['Sorrow', 'Anxiety']"
4285,"[Love]"
4286,"[Sorrow]"
4287,"[Anxiety]"
4288,"['Sorrow', 'Anxiety']"
4289,"['Sorrow', 'Anxiety']"
4290,"['Anger', 'Sorrow', 'Hate', 'Surprise']"
4291,"['Expect', 'Anxiety']"
4292,"['Love', 'Joy']"
4293,"['Sorrow', 'Anxiety', 'Hate']"
4294,"['Sorrow', 'Anxiety']"
4295,"[Love]"
4296,"[Expect]"
4297,"['Love', 'Joy']"
4298,"['Sorrow', 'Anxiety', 'Hate']"
4299,"['Expect', 'Sorrow', 'Anxiety', 'Hate']"
4300,"[Expect]"
4301,"['Anger', 'Hate']"
4302,"['Love', 'Joy']"
4303,"['Expect', 'Love', 'Joy']"
4304,"['Sorrow', 'Anxiety']"
4305,"['Anger', 'Anxiety', 'Hate']"
4306,"[Love]"
4307,"[Anxiety]"
4308,"['Love', 'Joy']"
4309,"['Sorrow', 'Anxiety', 'Joy', 'Surprise']"
4310,"[]"
4311,"['Expect', 'Love', 'Joy']"
4312,"[Sorrow]"
4313,"['Love', 'Anxiety', 'Joy']"
4314,"['Expect', 'Love', 'Anxiety']"
4315,"['Anger', 'Love', 'Hate']"
4316,"[Love]"
4317,"['Expect', 'Love', 'Joy']"
4318,"['Love', 'Joy']"
4319,"[Love]"
4320,"['Anger', 'Hate']"
4321,"[Love]"
4322,"['Anger', 'Anxiety', 'Hate']"
4323,"['Love', 'Joy']"
4324,"['Sorrow', 'Anxiety', 'Hate']"
4325,"['Love', 'Joy']"
4326,"[Love]"
4327,"[Hate]"
4328,"[Joy]"
4329,"[Love]"
4330,"['Expect', 'Love']"
4331,"['Love', 'Joy']"
4332,"[Love]"
4333,"[Love]"
4334,"['Love', 'Joy']"
4335,"['Love', 'Joy']"
4336,"[Love]"
4337,"[Love]"
4338,"['Sorrow', 'Anxiety', 'Hate']"
4339,"['Love', 'Hate']"
4340,"['Love', 'Sorrow', 'Anxiety', 'Surprise']"
4341,"['Sorrow', 'Anxiety']"
4342,"['Love', 'Joy']"
4343,"['Anger', 'Hate']"
4344,"['Sorrow', 'Anxiety']"
4345,"['Expect', 'Love']"
4346,"['Love', 'Anxiety']"
4347,"[Anxiety]"
4348,"['Sorrow', 'Anxiety']"
4349,"[Love]"
4350,"['Expect', 'Love', 'Joy']"
4351,"['Anger', 'Sorrow', 'Hate']"
4352,"['Love', 'Anxiety', 'Joy']"
4353,"['Love', 'Hate']"
4354,"['Expect', 'Anxiety']"
4355,"[Joy]"
4356,"['Sorrow', 'Anxiety']"
4357,"[Joy]"
4358,"['Sorrow', 'Anxiety']"
4359,"['Love', 'Sorrow', 'Anxiety', 'Joy']"
4360,"['Expect', 'Anxiety']"
4361,"['Expect', 'Love', 'Joy']"
4362,"[Anxiety]"
4363,"['Expect', 'Love', 'Joy']"
4364,"['Expect', 'Love', 'Joy']"
4365,"['Anger', 'Sorrow', 'Hate']"
4366,"[Love]"
4367,"[Hate]"
4368,"['Anger', 'Expect', 'Hate']"
4369,"['Sorrow', 'Anxiety', 'Surprise']"
4370,"[Anxiety]"
4371,"['Love', 'Joy']"
4372,"[Anxiety]"
4373,"['Anger', 'Hate']"
4374,"['Anger', 'Hate']"
4375,"['Anger', 'Anxiety', 'Hate']"
4376,"[Anxiety]"
4377,"[Love]"
4378,"['Love', 'Joy']"
4379,"['Anger', 'Sorrow', 'Hate']"
4380,"['Sorrow', 'Anxiety', 'Hate']"
4381,"['Love', 'Joy']"
4382,"['Expect', 'Love']"
4383,"['Expect', 'Anxiety']"
4384,"[Love]"
4385,"['Expect', 'Love']"
4386,"[Love]"
4387,"['Love', 'Joy']"
4388,"['Love', 'Joy']"
4389,"['Expect', 'Love', 'Joy']"
4390,"['Sorrow', 'Anxiety', 'Surprise']"
4391,"[Love]"
4392,"[Anxiety]"
4393,"['Love', 'Joy']"
4394,"['Love', 'Sorrow']"
4395,"[Anxiety]"
4396,"['Sorrow', 'Anxiety']"
4397,"['Love', 'Joy']"
4398,"[Anxiety]"
4399,"[Joy]"
4400,"['Sorrow', 'Anxiety']"
4401,"['Sorrow', 'Anxiety']"
4402,"['Love', 'Joy']"
4403,"[Love]"
4404,"['Anxiety', 'Surprise']"
4405,"[Love]"
4406,"[Joy]"
4407,"['Love', 'Joy']"
4408,"['Love', 'Joy']"
4409,"['Anger', 'Anxiety', 'Hate']"
4410,"['Expect', 'Anxiety']"
4411,"[Anxiety]"
4412,"[Love]"
4413,"['Anger', 'Anxiety', 'Hate']"
4414,"['Sorrow', 'Anxiety']"
4415,"['Love', 'Joy']"
4416,"['Expect', 'Hate']"
4417,"[Love]"
4418,"[Anxiety]"
4419,"['Expect', 'Love', 'Joy']"
4420,"['Anger', 'Hate']"
4421,"['Anger', 'Hate']"
4422,"['Anger', 'Sorrow', 'Anxiety', 'Hate']"
4423,"['Love', 'Joy']"
4424,"[Love]"
4425,"['Anger', 'Anxiety']"
4426,"['Sorrow', 'Anxiety']"
4427,"['Expect', 'Love']"
4428,"[Sorrow]"
4429,"['Anger', 'Hate']"
4430,"['Sorrow', 'Anxiety']"
4431,"['Anger', 'Hate']"
4432,"[Love]"
4433,"['Sorrow', 'Anxiety']"
4434,"['Sorrow', 'Anxiety', 'Hate']"
4435,"['Anger', 'Hate']"
4436,"['Anxiety', 'Surprise']"
4437,"['Anger', 'Anxiety', 'Hate']"
4438,"['Sorrow', 'Anxiety', 'Surprise']"
4439,"['Expect', 'Love', 'Joy']"
4440,"['Anger', 'Anxiety']"
4441,"[Love]"
4442,"['Anger', 'Love', 'Anxiety']"
4443,"['Love', 'Joy']"
4444,"['Anger', 'Expect', 'Hate']"
4445,"['Love', 'Joy']"
4446,"[Love]"
4447,"['Love', 'Sorrow', 'Anxiety', 'Joy']"
4448,"[Anxiety]"
4449,"['Love', 'Joy']"
4450,"['Expect', 'Sorrow']"
4451,"['Anxiety', 'Surprise']"
4452,"[Love]"
4453,"['Expect', 'Anxiety']"
4454,"[Anxiety]"
4455,"['Sorrow', 'Anxiety']"
4456,"['Anger', 'Anxiety']"
4457,"[Hate]"
4458,"[Love]"
4459,"['Expect', 'Love']"
4460,"[Anxiety]"
4461,"['Anger', 'Sorrow', 'Anxiety', 'Hate']"
4462,"['Expect', 'Anxiety']"
4463,"[Expect]"
4464,"[Love]"
4465,"['Expect', 'Sorrow', 'Anxiety']"
4466,"[Joy]"
4467,"['Expect', 'Love']"
4468,"['Anger', 'Hate']"
4469,"['Expect', 'Love', 'Joy']"
4470,"['Sorrow', 'Anxiety']"
4471,"['Expect', 'Love', 'Joy']"
4472,"[Anxiety]"
4473,"['Love', 'Joy']"
4474,"['Anger', 'Anxiety']"
4475,"['Anger', 'Sorrow', 'Anxiety', 'Hate']"
4476,"['Sorrow', 'Anxiety', 'Surprise']"
4477,"[Love]"
4478,"['Sorrow', 'Anxiety']"
4479,"[Love]"
4480,"['Expect', 'Love']"
4481,"['Love', 'Sorrow', 'Anxiety']"
4482,"['Anger', 'Anxiety', 'Hate']"
4483,"['Love', 'Joy']"
4484,"['Love', 'Hate', 'Joy']"
4485,"['Expect', 'Love', 'Joy']"
4486,"['Love', 'Joy']"
4487,"['Love', 'Joy']"
4488,"['Sorrow', 'Anxiety']"
4489,"['Sorrow', 'Anxiety']"
4490,"['Love', 'Joy']"
4491,"[Love]"
4492,"['Love', 'Joy']"
4493,"['Love', 'Joy']"
4494,"['Sorrow', 'Anxiety', 'Hate']"
4495,"['Love', 'Joy']"
4496,"[Joy]"
4497,"['Anger', 'Sorrow', 'Anxiety']"
4498,"['Sorrow', 'Anxiety']"
4499,"[Anxiety]"
4500,"['Sorrow', 'Anxiety']"
4501,"[Love]"
4502,"['Love', 'Hate']"
4503,"['Sorrow', 'Anxiety']"
4504,"['Expect', 'Joy']"
4505,"['Expect', 'Love', 'Anxiety', 'Hate', 'Joy']"
4506,"[Love]"
4507,"['Sorrow', 'Anxiety']"
4508,"['Sorrow', 'Anxiety', 'Hate']"
4509,"['Expect', 'Sorrow', 'Anxiety']"
4510,"['Love', 'Joy']"
4511,"[Surprise]"
4512,"['Love', 'Joy']"
4513,"['Sorrow', 'Anxiety']"
4514,"['Anger', 'Sorrow', 'Anxiety', 'Hate']"
4515,"['Sorrow', 'Anxiety']"
4516,"['Expect', 'Love']"
4517,"['Anger', 'Anxiety']"
4518,"['Anger', 'Expect', 'Anxiety', 'Hate']"
4519,"['Expect', 'Joy']"
4520,"[Expect]"
4521,"['Sorrow', 'Anxiety']"
4522,"['Sorrow', 'Anxiety', 'Hate', 'Surprise']"
4523,"['Anger', 'Sorrow', 'Anxiety']"
4524,"['Sorrow', 'Anxiety']"
4525,"['Love', 'Joy']"
4526,"['Sorrow', 'Anxiety']"
4527,"['Love', 'Joy']"
4528,"['Expect', 'Love', 'Joy']"
4529,"['Love', 'Joy']"
4530,"[Love]"
4531,"['Sorrow', 'Anxiety']"
4532,"[Love]"
4533,"['Expect', 'Anxiety']"
4534,"['Love', 'Joy']"
4535,"[Love]"
4536,"['Sorrow', 'Anxiety']"
4537,"['Expect', 'Sorrow', 'Anxiety', 'Hate']"
4538,"['Sorrow', 'Anxiety']"
4539,"[Love]"
4540,"['Sorrow', 'Anxiety']"
4541,"['Anger', 'Anxiety']"
4542,"['Anger', 'Hate']"
4543,"['Expect', 'Love']"
4544,"['Love', 'Joy']"
4545,"[Expect]"
4546,"['Sorrow', 'Anxiety']"
4547,"['Expect', 'Love', 'Anxiety']"
4548,"['Anger', 'Anxiety', 'Hate']"
4549,"['Anger', 'Hate']"
4550,"[Love]"
4551,"['Expect', 'Anxiety']"
4552,"[Love]"
4553,"['Anger', 'Hate']"
4554,"[Love]"
4555,"[Joy]"
4556,"[Anxiety]"
4557,"['Anger', 'Hate']"
4558,"['Expect', 'Love']"
4559,"[Anxiety]"
4560,"['Anger', 'Sorrow', 'Anxiety', 'Hate']"
4561,"['Anger', 'Hate']"
4562,"['Expect', 'Love', 'Sorrow']"
4563,"['Sorrow', 'Anxiety', 'Hate']"
4564,"['Expect', 'Love', 'Joy']"
4565,"['Love', 'Anxiety']"
4566,"['Anger', 'Sorrow', 'Anxiety', 'Hate']"
4567,"['Anger', 'Sorrow', 'Anxiety', 'Hate']"
4568,"['Love', 'Joy']"
4569,"['Expect', 'Hate']"
4570,"['Love', 'Joy']"
4571,"['Sorrow', 'Anxiety', 'Hate']"
4572,"['Anxiety', 'Hate']"
4573,"['Sorrow', 'Anxiety']"
4574,"['Love', 'Joy']"
4575,"[Anxiety]"
4576,"['Love', 'Hate']"
4577,"['Sorrow', 'Anxiety']"
4578,"['Expect', 'Love', 'Joy']"
4579,"[Anxiety]"
4580,"[Love]"
4581,"['Expect', 'Love', 'Joy']"
4582,"['Love', 'Joy']"
4583,"['Love', 'Sorrow']"
4584,"['Anxiety', 'Hate']"
4585,"['Sorrow', 'Anxiety']"
4586,"['Sorrow', 'Anxiety', 'Surprise']"
4587,"['Expect', 'Sorrow', 'Anxiety']"
4588,"['Love', 'Joy']"
4589,"['Sorrow', 'Anxiety']"
4590,"[Love]"
4591,"['Sorrow', 'Anxiety']"
4592,"[Love]"
4593,"['Anger', 'Sorrow', 'Anxiety']"
4594,"['Expect', 'Love']"
4595,"['Sorrow', 'Anxiety']"
4596,"['Expect', 'Love', 'Anxiety', 'Joy']"
4597,"[Love]"
4598,"['Anger', 'Anxiety', 'Hate']"
4599,"['Anxiety', 'Hate']"
4600,"['Love', 'Joy']"
4601,"[Love]"
4602,"['Expect', 'Love']"
4603,"['Love', 'Joy', 'Surprise']"
4604,"['Love', 'Joy']"
4605,"['Anger', 'Anxiety']"
4606,"['Expect', 'Love', 'Anxiety']"
4607,"['Love', 'Joy']"
4608,"['Expect', 'Love', 'Anxiety']"
4609,"['Love', 'Joy']"
4610,"[Love]"
4611,"['Sorrow', 'Anxiety']"
4612,"['Anxiety', 'Surprise']"
4613,"[Expect]"
4614,"[Anxiety]"
4615,"['Anger', 'Anxiety', 'Hate']"
4616,"['Expect', 'Love']"
4617,"['Expect', 'Love', 'Joy']"
4618,"['Anxiety', 'Hate']"
4619,"['Expect', 'Anxiety']"
4620,"['Love', 'Anxiety', 'Joy']"
4621,"['Expect', 'Anxiety']"
4622,"['Sorrow', 'Anxiety']"
4623,"['Sorrow', 'Anxiety', 'Hate']"
4624,"['Anxiety', 'Hate']"
4625,"['Love', 'Joy']"
4626,"['Sorrow', 'Anxiety']"
4627,"['Love', 'Joy']"
4628,"['Expect', 'Love', 'Joy']"
4629,"['Love', 'Joy']"
4630,"['Sorrow', 'Anxiety']"
4631,"['Expect', 'Love', 'Joy']"
4632,"['Love', 'Joy']"
4633,"['Love', 'Joy']"
4634,"['Love', 'Joy']"
4635,"['Love', 'Joy']"
4636,"['Sorrow', 'Anxiety']"
4637,"['Sorrow', 'Anxiety']"
4638,"['Anger', 'Anxiety', 'Hate']"
4639,"['Anger', 'Surprise']"
4640,"[Anxiety]"
4641,"['Anxiety', 'Hate']"
4642,"['Anger', 'Hate']"
4643,"['Love', 'Joy']"
4644,"['Love', 'Joy']"
4645,"['Love', 'Joy']"
4646,"['Expect', 'Love']"
4647,"['Love', 'Joy']"
4648,"['Sorrow', 'Anxiety']"
4649,"['Love', 'Sorrow', 'Anxiety']"
4650,"['Anxiety', 'Hate']"
4651,"['Expect', 'Love', 'Joy']"
4652,"['Expect', 'Love']"
4653,"[Expect]"
4654,"['Love', 'Joy']"
4655,"[Love]"
4656,"['Anger', 'Anxiety']"
4657,"['Love', 'Joy']"
4658,"['Sorrow', 'Anxiety']"
4659,"['Love', 'Joy']"
4660,"['Expect', 'Love', 'Joy']"
4661,"['Anxiety', 'Hate']"
4662,"['Anger', 'Hate']"
4663,"['Sorrow', 'Anxiety']"
4664,"['Love', 'Sorrow', 'Anxiety']"
4665,"[Love]"
4666,"['Anger', 'Hate']"
4667,"['Love', 'Joy']"
4668,"[Sorrow]"
4669,"[Love]"
4670,"['Anxiety', 'Hate']"
4671,"['Love', 'Joy']"
4672,"['Expect', 'Anxiety']"
4673,"['Expect', 'Love', 'Joy']"
4674,"['Love', 'Joy']"
4675,"['Anger', 'Hate']"
4676,"['Anger', 'Hate']"
4677,"[Anxiety]"
4678,"['Sorrow', 'Anxiety']"
4679,"[Anxiety]"
4680,"['Expect', 'Love', 'Joy']"
4681,"['Expect', 'Anxiety', 'Hate']"
4682,"[Sorrow]"
4683,"[Anxiety]"
4684,"['Sorrow', 'Anxiety', 'Surprise']"
4685,"['Love', 'Joy']"
4686,"[Love]"
4687,"['Love', 'Sorrow']"
4688,"['Sorrow', 'Anxiety']"
4689,"[Expect]"
4690,"['Love', 'Anxiety', 'Joy']"
4691,"['Expect', 'Love', 'Joy']"
4692,"['Sorrow', 'Anxiety']"
4693,"['Anxiety', 'Surprise']"
4694,"['Sorrow', 'Anxiety']"
4695,"['Expect', 'Love']"
4696,"['Love', 'Joy']"
4697,"['Love', 'Surprise']"
4698,"['Love', 'Sorrow', 'Joy']"
4699,"['Anger', 'Sorrow', 'Hate']"
4700,"[Love]"
4701,"['Expect', 'Anxiety']"
4702,"['Love', 'Joy']"
4703,"['Expect', 'Sorrow', 'Hate']"
4704,"[Joy]"
4705,"[Joy]"
4706,"['Love', 'Surprise']"
4707,"[Anxiety]"
4708,"['Expect', 'Love', 'Joy']"
4709,"['Sorrow', 'Anxiety', 'Surprise']"
4710,"['Anxiety', 'Surprise']"
4711,"['Expect', 'Love', 'Joy']"
4712,"['Expect', 'Love', 'Joy']"
4713,"['Love', 'Joy']"
4714,"['Love', 'Joy']"
4715,"['Love', 'Joy']"
4716,"['Anger', 'Hate']"
4717,"[Joy]"
4718,"['Anger', 'Anxiety']"
4719,"['Anger', 'Anxiety', 'Hate']"
4720,"['Anger', 'Love', 'Joy']"
4721,"['Expect', 'Love', 'Joy']"
4722,"[Joy]"
4723,"['Sorrow', 'Anxiety']"
4724,"[Love]"
4725,"['Love', 'Joy']"
4726,"[Anxiety]"
4727,"['Anger', 'Hate']"
4728,"[Anxiety]"
4729,"['Love', 'Anxiety', 'Joy']"
4730,"[Love]"
4731,"['Anxiety', 'Hate']"
4732,"['Anger', 'Hate']"
4733,"['Love', 'Joy']"
4734,"['Anxiety', 'Hate']"
4735,"['Anger', 'Anxiety', 'Hate']"
4736,"[Anxiety]"
4737,"[Surprise]"
4738,"['Love', 'Joy']"
4739,"['Love', 'Joy']"
4740,"['Anger', 'Hate']"
4741,"[Sorrow]"
4742,"['Expect', 'Love', 'Joy']"
4743,"['Expect', 'Love']"
4744,"['Love', 'Joy']"
4745,"['Anger', 'Sorrow', 'Anxiety']"
4746,"[Anxiety]"
4747,"['Love', 'Joy']"
4748,"[Love]"
4749,"['Sorrow', 'Anxiety']"
4750,"['Sorrow', 'Anxiety']"
4751,"['Love', 'Anxiety']"
4752,"['Anger', 'Anxiety']"
4753,"[Sorrow]"
4754,"[Love]"
4755,"[Love]"
4756,"['Sorrow', 'Anxiety']"
4757,"['Love', 'Sorrow']"
4758,"[Love]"
4759,"['Anger', 'Hate']"
4760,"['Anger', 'Sorrow', 'Hate']"
4761,"['Sorrow', 'Anxiety', 'Hate']"
4762,"[Sorrow]"
4763,"['Anger', 'Anxiety', 'Hate']"
4764,"['Expect', 'Love', 'Joy']"
4765,"['Anger', 'Sorrow', 'Hate']"
4766,"['Anger', 'Hate']"
4767,"['Expect', 'Love']"
4768,"['Love', 'Joy']"
4769,"['Anger', 'Anxiety', 'Hate']"
4770,"[Anxiety]"
4771,"['Love', 'Joy']"
4772,"[Anxiety]"
4773,"['Love', 'Joy']"
4774,"['Sorrow', 'Anxiety']"
4775,"['Anger', 'Hate']"
4776,"['Sorrow', 'Anxiety']"
4777,"['Expect', 'Love']"
4778,"[Hate]"
4779,"['Anger', 'Hate']"
4780,"[Love]"
4781,"['Anger', 'Expect', 'Love', 'Hate']"
4782,"['Love', 'Joy']"
4783,"[Love]"
4784,"['Expect', 'Love', 'Joy']"
4785,"['Sorrow', 'Anxiety']"
4786,"[Expect]"
4787,"['Expect', 'Love']"
4788,"[Love]"
4789,"[Love]"
4790,"[Anxiety]"
4791,"['Love', 'Joy']"
4792,"['Expect', 'Love', 'Joy']"
4793,"['Anger', 'Sorrow', 'Anxiety', 'Hate']"
4794,"['Expect', 'Love', 'Joy']"
4795,"['Anger', 'Sorrow', 'Anxiety', 'Hate']"
4796,"['Love', 'Joy']"
4797,"['Love', 'Joy']"
4798,"['Love', 'Joy']"
4799,"[Love]"
4800,"['Sorrow', 'Anxiety']"
4801,"['Love', 'Joy']"
4802,"['Love', 'Joy']"
4803,"['Anger', 'Hate', 'Surprise']"
4804,"['Sorrow', 'Anxiety']"
4805,"['Sorrow', 'Hate']"
4806,"['Love', 'Joy']"
4807,"[Sorrow]"
4808,"['Expect', 'Love', 'Joy']"
4809,"[Love]"
4810,"[Love]"
4811,"['Expect', 'Love']"
4812,"[Sorrow]"
4813,"[Joy]"
4814,"['Love', 'Anxiety']"
4815,"['Expect', 'Joy']"
4816,"['Anger', 'Anxiety']"
4817,"['Love', 'Joy']"
4818,"[Anxiety]"
4819,"['Expect', 'Anxiety']"
4820,"[Love]"
4821,"['Love', 'Joy']"
4822,"['Expect', 'Anxiety']"
4823,"['Anger', 'Anxiety', 'Hate']"
4824,"[Expect]"
4825,"[Anxiety]"
4826,"['Love', 'Joy']"
4827,"['Love', 'Surprise']"
4828,"['Expect', 'Love', 'Hate']"
4829,"['Love', 'Joy']"
4830,"[Love]"
4831,"[Love]"
4832,"['Anxiety', 'Hate']"
4833,"['Sorrow', 'Anxiety']"
4834,"['Sorrow', 'Anxiety']"
4835,"['Anger', 'Anxiety']"
4836,"['Love', 'Joy']"
4837,"['Expect', 'Love']"
4838,"[Hate]"
4839,"['Expect', 'Sorrow', 'Anxiety']"
4840,"['Sorrow', 'Anxiety']"
4841,"['Sorrow', 'Hate']"
4842,"[Love]"
4843,"['Sorrow', 'Anxiety']"
4844,"[Joy]"
4845,"[Love]"
4846,"['Anger', 'Sorrow', 'Anxiety', 'Hate']"
4847,"[Joy]"
4848,"['Sorrow', 'Anxiety']"
4849,"['Sorrow', 'Anxiety']"
4850,"['Anger', 'Expect', 'Hate']"
4851,"['Anger', 'Anxiety', 'Hate']"
4852,"[Love]"
4853,"['Expect', 'Anxiety']"
4854,"['Expect', 'Sorrow', 'Anxiety', 'Hate']"
4855,"['Expect', 'Anxiety']"
4856,"['Sorrow', 'Anxiety', 'Hate']"
4857,"['Anger', 'Sorrow', 'Anxiety', 'Hate']"
4858,"['Anger', 'Sorrow', 'Anxiety', 'Hate']"
4859,"['Expect', 'Love', 'Joy']"
4860,"['Love', 'Joy']"
4861,"['Sorrow', 'Anxiety']"
4862,"['Expect', 'Anxiety']"
4863,"[Love]"
4864,"[Love]"
4865,"['Love', 'Sorrow']"
4866,"[Hate]"
4867,"[Joy]"
4868,"[Sorrow]"
4869,"['Expect', 'Love', 'Anxiety', 'Joy']"
4870,"['Anger', 'Anxiety']"
4871,"['Anger', 'Anxiety', 'Hate']"
4872,"['Sorrow', 'Anxiety']"
4873,"['Love', 'Hate', 'Joy']"
4874,"['Expect', 'Love']"
4875,"['Love', 'Anxiety']"
4876,"['Sorrow', 'Anxiety']"
4877,"['Anger', 'Hate']"
4878,"[Love]"
4879,"['Sorrow', 'Anxiety', 'Hate']"
4880,"[Anger]"
4881,"['Sorrow', 'Anxiety', 'Surprise']"
4882,"['Sorrow', 'Anxiety']"
4883,"['Sorrow', 'Anxiety']"
4884,"['Love', 'Joy']"
4885,"['Anxiety', 'Surprise']"
4886,"['Expect', 'Love', 'Joy']"
4887,"[Expect]"
4888,"['Sorrow', 'Anxiety']"
4889,"['Sorrow', 'Anxiety']"
4890,"[Sorrow]"
4891,"['Love', 'Joy']"
4892,"['Expect', 'Love', 'Joy']"
4893,"['Anger', 'Anxiety']"
4894,"['Sorrow', 'Anxiety']"
4895,"['Sorrow', 'Anxiety']"
4896,"['Sorrow', 'Anxiety', 'Hate']"
4897,"['Expect', 'Love', 'Joy']"
4898,"[Love]"
4899,"['Sorrow', 'Anxiety']"
4900,"['Sorrow', 'Joy']"
4901,"[Love]"
4902,"['Love', 'Sorrow']"
4903,"['Sorrow', 'Anxiety']"
4904,"['Love', 'Sorrow', 'Anxiety', 'Hate']"
4905,"['Love', 'Joy']"
4906,"['Love', 'Joy', 'Surprise']"
4907,"[Anxiety]"
4908,"[Love]"
4909,"['Anger', 'Sorrow', 'Anxiety', 'Hate']"
4910,"['Anger', 'Anxiety', 'Hate']"
4911,"['Anger', 'Anxiety']"
4912,"['Love', 'Joy']"
4913,"['Anger', 'Sorrow', 'Hate']"
4914,"[Anxiety]"
4915,"['Sorrow', 'Anxiety']"
4916,"['Sorrow', 'Anxiety', 'Hate']"
4917,"['Love', 'Joy']"
4918,"['Sorrow', 'Anxiety']"
4919,"['Anxiety', 'Hate']"
4920,"['Anger', 'Hate']"
4921,"[Anxiety]"
4922,"[Anxiety]"
4923,"['Anger', 'Hate']"
4924,"['Sorrow', 'Anxiety']"
4925,"[Love]"
4926,"['Anger', 'Hate']"
4927,"['Love', 'Sorrow']"
4928,"['Expect', 'Love', 'Joy']"
4929,"['Love', 'Joy']"
4930,"['Love', 'Joy']"
4931,"['Anxiety', 'Surprise']"
4932,"['Anger', 'Hate']"
4933,"['Anxiety', 'Hate']"
4934,"['Expect', 'Love', 'Joy']"
4935,"['Anger', 'Anxiety', 'Hate']"
4936,"[Anxiety]"
4937,"['Joy', 'Surprise']"
4938,"['Expect', 'Anxiety']"
4939,"['Expect', 'Love', 'Joy']"
4940,"['Love', 'Joy']"
4941,"['Sorrow', 'Anxiety']"
4942,"['Expect', 'Anxiety']"
4943,"['Sorrow', 'Anxiety']"
4944,"[Love]"
4945,"['Sorrow', 'Anxiety']"
4946,"['Anger', 'Sorrow', 'Anxiety']"
4947,"['Sorrow', 'Anxiety', 'Hate']"
4948,"['Anger', 'Sorrow', 'Anxiety', 'Hate']"
4949,"[Love]"
4950,"['Sorrow', 'Anxiety']"
4951,"['Expect', 'Love', 'Joy']"
4952,"[Love]"
4953,"['Love', 'Joy']"
4954,"['Anger', 'Hate']"
4955,"['Anger', 'Sorrow', 'Anxiety']"
4956,"['Anger', 'Anxiety', 'Hate']"
4957,"['Love', 'Joy']"
4958,"['Love', 'Sorrow', 'Anxiety']"
4959,"['Anger', 'Hate']"
4960,"['Anger', 'Surprise']"
4961,"['Love', 'Anxiety']"
4962,"['Love', 'Anxiety', 'Surprise']"
4963,"[Love]"
4964,"['Sorrow', 'Anxiety']"
4965,"['Anxiety', 'Hate']"
4966,"['Love', 'Joy']"
4967,"['Love', 'Joy']"
4968,"['Anger', 'Hate']"
4969,"['Sorrow', 'Anxiety']"
4970,"[Hate]"
4971,"['Love', 'Sorrow', 'Anxiety']"
4972,"[Joy]"
4973,"[Love]"
4974,"['Sorrow', 'Anxiety', 'Hate']"
4975,"['Expect', 'Love', 'Joy']"
4976,"['Expect', 'Joy']"
4977,"[Love]"
4978,"['Sorrow', 'Anxiety']"
4979,"['Love', 'Joy']"
4980,"['Love', 'Joy']"
4981,"['Sorrow', 'Anxiety']"
4982,"['Sorrow', 'Anxiety']"
4983,"['Love', 'Joy', 'Surprise']"
4984,"['Sorrow', 'Anxiety', 'Hate']"
4985,"['Sorrow', 'Anxiety']"
4986,"['Anger', 'Expect', 'Anxiety']"
4987,"['Sorrow', 'Anxiety']"
4988,"['Sorrow', 'Anxiety']"
4989,"['Anger', 'Hate']"
4990,"[Love]"
4991,"[Anxiety]"
4992,"['Expect', 'Love']"
4993,"['Anger', 'Hate']"
4994,"['Love', 'Joy']"
4995,"['Sorrow', 'Anxiety']"
4996,"['Love', 'Joy']"
4997,"[Anxiety]"
4998,"['Anger', 'Hate']"
4999,"['Anger', 'Hate']"
5000,"['Expect', 'Love', 'Sorrow']"
5001,"['Expect', 'Anxiety']"
5002,"['Expect', 'Love']"
5003,"['Anger', 'Anxiety']"
5004,"['Sorrow', 'Anxiety']"
5005,"['Expect', 'Love', 'Joy']"
5006,"['Anger', 'Hate']"
5007,"[Joy]"
5008,"['Love', 'Joy']"
5009,"['Anxiety', 'Surprise']"
5010,"['Expect', 'Love', 'Joy']"
5011,"['Expect', 'Love', 'Sorrow']"
5012,"['Anger', 'Hate']"
5013,"[Anxiety]"
5014,"[Anxiety]"
5015,"['Anger', 'Sorrow', 'Hate']"
5016,"[Anxiety]"
5017,"[Surprise]"
5018,"['Anger', 'Sorrow', 'Hate']"
5019,"['Love', 'Joy']"
5020,"[Sorrow]"
5021,"['Sorrow', 'Anxiety']"
5022,"['Sorrow', 'Anxiety', 'Hate']"
5023,"['Love', 'Joy']"
5024,"['Expect', 'Love']"
5025,"['Sorrow', 'Anxiety']"
5026,"['Love', 'Anxiety']"
5027,"['Expect', 'Love']"
5028,"['Sorrow', 'Anxiety']"
5029,"['Love', 'Joy']"
5030,"[Love]"
5031,"['Anger', 'Sorrow', 'Anxiety']"
5032,"[Love]"
5033,"['Love', 'Joy']"
5034,"['Love', 'Joy']"
5035,"['Anger', 'Sorrow', 'Hate']"
5036,"['Anger', 'Hate']"
5037,"['Sorrow', 'Anxiety']"
5038,"['Love', 'Sorrow']"
5039,"['Love', 'Joy']"
5040,"[Anxiety]"
5041,"['Anxiety', 'Hate']"
5042,"['Love', 'Joy']"
5043,"[Love]"
5044,"['Sorrow', 'Anxiety']"
5045,"[Love]"
5046,"['Anger', 'Sorrow', 'Anxiety', 'Hate']"
5047,"['Love', 'Surprise']"
5048,"['Anger', 'Hate']"
5049,"['Anxiety', 'Surprise']"
5050,"['Love', 'Joy']"
5051,"['Anger', 'Hate']"
5052,"['Love', 'Joy']"
5053,"['Anger', 'Anxiety', 'Hate']"
5054,"['Love', 'Joy']"
5055,"['Love', 'Joy']"
5056,"['Love', 'Anxiety']"
5057,"['Love', 'Joy']"
5058,"['Love', 'Joy', 'Surprise']"
5059,"['Love', 'Anxiety']"
5060,"[Anxiety]"
5061,"['Anger', 'Hate', 'Surprise']"
5062,"['Anger', 'Hate']"
5063,"['Sorrow', 'Anxiety']"
5064,"['Expect', 'Love']"
5065,"['Love', 'Joy']"
5066,"[Joy]"
5067,"['Anger', 'Hate']"
5068,"['Love', 'Joy']"
5069,"['Anxiety', 'Hate']"
5070,"['Expect', 'Love']"
5071,"['Sorrow', 'Anxiety', 'Hate']"
5072,"['Love', 'Joy']"
5073,"[Love]"
5074,"['Expect', 'Love']"
5075,"[Sorrow]"
5076,"['Expect', 'Love']"
5077,"['Love', 'Sorrow']"
5078,"['Anger', 'Hate']"
5079,"['Love', 'Joy']"
5080,"['Sorrow', 'Anxiety']"
5081,"['Love', 'Joy']"
5082,"['Love', 'Sorrow', 'Anxiety']"
5083,"[Expect]"
5084,"['Love', 'Joy']"
5085,"['Sorrow', 'Anxiety']"
5086,"['Anger', 'Anxiety', 'Hate']"
5087,"['Anger', 'Sorrow', 'Anxiety']"
5088,"['Sorrow', 'Anxiety']"
5089,"['Love', 'Joy']"
5090,"[Love]"
5091,"['Hate', 'Surprise']"
5092,"['Sorrow', 'Anxiety']"
5093,"['Sorrow', 'Anxiety', 'Hate']"
5094,"['Expect', 'Love', 'Joy']"
5095,"[Love]"
5096,"['Sorrow', 'Anxiety']"
5097,"['Love', 'Surprise']"
5098,"['Sorrow', 'Anxiety']"
5099,"['Anger', 'Hate']"
5100,"['Love', 'Joy']"
5101,"['Sorrow', 'Anxiety']"
5102,"['Sorrow', 'Anxiety']"
5103,"['Anger', 'Expect', 'Anxiety', 'Hate']"
5104,"['Sorrow', 'Anxiety']"
5105,"['Love', 'Joy']"
5106,"['Sorrow', 'Anxiety', 'Surprise']"
5107,"['Sorrow', 'Anxiety']"
5108,"['Sorrow', 'Anxiety']"
5109,"['Anger', 'Hate']"
5110,"['Love', 'Joy']"
5111,"['Anger', 'Hate']"
5112,"['Love', 'Sorrow', 'Anxiety', 'Joy']"
5113,"['Anger', 'Anxiety', 'Hate']"
5114,"['Expect', 'Love', 'Joy']"
5115,"[Love]"
5116,"[Love]"
5117,"['Expect', 'Love', 'Anxiety']"
5118,"['Love', 'Anxiety']"
5119,"[Sorrow]"
5120,"[Love]"
5121,"[Expect]"
5122,"['Sorrow', 'Anxiety']"
5123,"['Love', 'Joy']"
5124,"[]"
5125,"[Love]"
5126,"[Joy]"
5127,"[Sorrow]"
5128,"['Love', 'Hate', 'Joy']"
5129,"['Expect', 'Love']"
5130,"['Love', 'Joy']"
5131,"['Love', 'Joy']"
5132,"['Sorrow', 'Anxiety', 'Hate']"
5133,"['Love', 'Joy']"
5134,"['Expect', 'Love']"
5135,"[Anxiety]"
5136,"[Surprise]"
5137,"['Sorrow', 'Anxiety']"
5138,"['Sorrow', 'Anxiety', 'Hate']"
5139,"['Sorrow', 'Anxiety']"
5140,"['Love', 'Sorrow', 'Hate']"
5141,"['Love', 'Joy']"
5142,"['Love', 'Anxiety']"
5143,"['Sorrow', 'Anxiety']"
5144,"['Love', 'Joy']"
5145,"['Anger', 'Hate']"
5146,"[Love]"
5147,"['Expect', 'Hate', 'Joy']"
5148,"[Anxiety]"
5149,"['Sorrow', 'Anxiety']"
5150,"['Expect', 'Love', 'Joy']"
5151,"['Love', 'Anxiety']"
5152,"['Expect', 'Love', 'Joy']"
5153,"['Anger', 'Sorrow', 'Anxiety']"
5154,"['Sorrow', 'Anxiety', 'Hate']"
5155,"[Anxiety]"
5156,"['Sorrow', 'Anxiety']"
5157,"['Sorrow', 'Anxiety']"
5158,"['Expect', 'Love', 'Joy']"
5159,"['Anxiety', 'Hate']"
5160,"['Anxiety', 'Hate']"
5161,"['Expect', 'Love']"
5162,"['Expect', 'Love', 'Joy']"
5163,"['Expect', 'Love']"
5164,"['Love', 'Joy']"
5165,"[Joy]"
5166,"['Sorrow', 'Anxiety']"
5167,"[Expect]"
5168,"['Sorrow', 'Anxiety', 'Hate']"
5169,"['Anxiety', 'Hate']"
5170,"['Anger', 'Anxiety', 'Hate']"
5171,"['Love', 'Joy']"
5172,"[Joy]"
5173,"['Anger', 'Sorrow', 'Anxiety', 'Hate']"
5174,"['Love', 'Joy']"
5175,"['Love', 'Joy']"
5176,"['Love', 'Joy']"
5177,"['Anxiety', 'Hate']"
5178,"[Sorrow]"
5179,"['Love', 'Joy']"
5180,"[Sorrow]"
5181,"['Love', 'Sorrow', 'Anxiety', 'Joy']"
5182,"['Anxiety', 'Surprise']"
5183,"['Love', 'Sorrow', 'Anxiety', 'Surprise']"
5184,"[Love]"
5185,"['Sorrow', 'Anxiety']"
5186,"[Love]"
5187,"['Expect', 'Anxiety']"
5188,"[Anxiety]"
5189,"[Love]"
5190,"['Sorrow', 'Anxiety', 'Hate']"
5191,"[Love]"
5192,"['Sorrow', 'Anxiety']"
5193,"['Sorrow', 'Anxiety']"
5194,"['Expect', 'Anxiety']"
5195,"['Anger', 'Hate']"
5196,"['Anger', 'Anxiety']"
5197,"['Anger', 'Hate']"
5198,"['Expect', 'Love']"
5199,"['Anger', 'Sorrow', 'Anxiety', 'Hate']"
5200,"[Love]"
5201,"['Love', 'Joy']"
5202,"['Expect', 'Love', 'Joy']"
5203,"['Sorrow', 'Anxiety']"
5204,"[Love]"
5205,"[Love]"
5206,"['Anger', 'Hate']"
5207,"['Sorrow', 'Anxiety']"
5208,"[Expect]"
5209,"[Sorrow]"
5210,"['Anger', 'Anxiety', 'Hate']"
5211,"['Sorrow', 'Anxiety']"
5212,"[Sorrow]"
5213,"['Love', 'Sorrow']"
5214,"['Love', 'Sorrow']"
5215,"['Love', 'Joy']"
5216,"[Joy]"
5217,"['Anger', 'Sorrow', 'Anxiety', 'Hate']"
5218,"['Love', 'Joy']"
5219,"[Sorrow]"
5220,"[Anxiety]"
5221,"['Expect', 'Anxiety']"
5222,"[Love]"
5223,"[Love]"
5224,"[Anxiety]"
5225,"[Joy]"
5226,"[Love]"
5227,"['Anger', 'Hate']"
5228,"['Expect', 'Joy']"
5229,"['Sorrow', 'Anxiety', 'Hate']"
5230,"[Anxiety]"
5231,"['Anger', 'Anxiety', 'Hate']"
5232,"['Anxiety', 'Surprise']"
5233,"['Anxiety', 'Surprise']"
5234,"['Anger', 'Hate']"
5235,"['Anxiety', 'Hate', 'Surprise']"
5236,"[Joy]"
5237,"[Love]"
5238,"[Sorrow]"
5239,"['Anger', 'Hate']"
5240,"['Anger', 'Anxiety']"
5241,"['Sorrow', 'Anxiety']"
5242,"['Sorrow', 'Anxiety']"
5243,"['Sorrow', 'Anxiety']"
5244,"['Sorrow', 'Hate']"
5245,"[Anxiety]"
5246,"['Expect', 'Love', 'Anxiety']"
5247,"['Love', 'Surprise']"
5248,"[Anger]"
5249,"['Love', 'Sorrow', 'Anxiety']"
5250,"[Love]"
5251,"['Sorrow', 'Anxiety']"
5252,"['Expect', 'Anxiety']"
5253,"['Sorrow', 'Anxiety']"
5254,"[Love]"
5255,"[Joy]"
5256,"['Sorrow', 'Anxiety']"
5257,"['Sorrow', 'Anxiety']"
5258,"['Expect', 'Love', 'Joy']"
5259,"['Anxiety', 'Surprise']"
5260,"['Expect', 'Love', 'Joy']"
5261,"['Anger', 'Sorrow', 'Anxiety', 'Hate']"
5262,"[Anxiety]"
5263,"[Anxiety]"
5264,"['Anger', 'Anxiety']"
5265,"['Sorrow', 'Anxiety']"
5266,"['Expect', 'Anxiety']"
5267,"['Anger', 'Anxiety']"
5268,"[Love]"
5269,"['Sorrow', 'Anxiety']"
5270,"['Expect', 'Love', 'Anxiety', 'Joy']"
5271,"['Love', 'Surprise']"
5272,"['Sorrow', 'Anxiety']"
5273,"['Sorrow', 'Anxiety', 'Surprise']"
5274,"['Sorrow', 'Anxiety']"
5275,"['Expect', 'Love']"
5276,"['Expect', 'Love', 'Joy']"
5277,"['Expect', 'Love', 'Anxiety', 'Hate']"
5278,"['Love', 'Sorrow']"
5279,"['Expect', 'Love']"
5280,"['Sorrow', 'Anxiety']"
5281,"['Sorrow', 'Anxiety']"
5282,"['Sorrow', 'Anxiety']"
5283,"['Expect', 'Anxiety']"
5284,"['Anxiety', 'Hate']"
5285,"[Hate]"
5286,"[Love]"
5287,"['Expect', 'Love', 'Joy']"
5288,"['Expect', 'Love']"
5289,"['Love', 'Joy']"
5290,"['Sorrow', 'Anxiety']"
5291,"['Sorrow', 'Anxiety']"
5292,"['Anxiety', 'Hate']"
5293,"['Sorrow', 'Anxiety']"
5294,"[Anxiety]"
5295,"['Anger', 'Expect', 'Hate']"
5296,"[Anxiety]"
5297,"['Sorrow', 'Anxiety']"
5298,"['Sorrow', 'Anxiety']"
5299,"[Sorrow]"
5300,"[Expect]"
5301,"['Love', 'Joy']"
5302,"['Love', 'Joy']"
5303,"['Expect', 'Love']"
5304,"['Love', 'Joy']"
5305,"[Love]"
5306,"[Love]"
5307,"[Love]"
5308,"['Expect', 'Joy']"
5309,"['Expect', 'Love', 'Joy']"
5310,"['Anger', 'Anxiety', 'Hate']"
5311,"[Anxiety]"
5312,"['Anger', 'Love']"
5313,"['Sorrow', 'Anxiety']"
5314,"['Sorrow', 'Anxiety']"
5315,"['Expect', 'Love']"
5316,"['Expect', 'Love']"
5317,"['Anger', 'Hate']"
5318,"['Anxiety', 'Hate']"
5319,"['Sorrow', 'Anxiety']"
5320,"['Expect', 'Love', 'Joy']"
5321,"['Expect', 'Love', 'Anxiety']"
5322,"[Anxiety]"
5323,"[Sorrow]"
5324,"['Love', 'Joy']"
5325,"[Love]"
5326,"['Sorrow', 'Anxiety']"
5327,"['Anxiety', 'Hate']"
5328,"['Anger', 'Hate']"
5329,"['Expect', 'Sorrow', 'Anxiety']"
5330,"['Expect', 'Love', 'Joy']"
5331,"['Anger', 'Sorrow', 'Anxiety', 'Hate']"
5332,"['Sorrow', 'Anxiety', 'Hate']"
5333,"[Anxiety]"
5334,"['Love', 'Hate']"
5335,"[Love]"
5336,"['Love', 'Joy']"
5337,"[Love]"
5338,"['Expect', 'Love']"
5339,"['Love', 'Joy']"
5340,"['Anger', 'Sorrow', 'Anxiety']"
5341,"['Anger', 'Hate']"
5342,"['Expect', 'Love', 'Joy']"
5343,"['Anger', 'Expect', 'Sorrow', 'Anxiety']"
5344,"[Anxiety]"
5345,"['Anger', 'Anxiety']"
5346,"['Sorrow', 'Anxiety']"
5347,"['Love', 'Joy']"
5348,"['Love', 'Anxiety']"
5349,"['Anger', 'Anxiety', 'Hate']"
5350,"[Love]"
5351,"[Expect]"
5352,"[Anxiety]"
5353,"[Love]"
5354,"['Sorrow', 'Anxiety']"
5355,"['Sorrow', 'Anxiety']"
5356,"[Anxiety]"
5357,"[Love]"
5358,"['Anger', 'Hate']"
5359,"[Love]"
5360,"[Love]"
5361,"['Sorrow', 'Anxiety', 'Hate']"
5362,"['Expect', 'Sorrow', 'Anxiety']"
5363,"['Expect', 'Anxiety']"
5364,"['Love', 'Anxiety']"
5365,"['Sorrow', 'Anxiety']"
5366,"['Expect', 'Love']"
5367,"['Sorrow', 'Anxiety']"
5368,"['Sorrow', 'Anxiety']"
5369,"['Love', 'Sorrow', 'Anxiety']"
5370,"[Anxiety]"
5371,"['Love', 'Joy']"
5372,"[Love]"
5373,"[Love]"
5374,"[Surprise]"
5375,"['Expect', 'Love']"
5376,"[Anxiety]"
5377,"[Anxiety]"
5378,"['Anger', 'Anxiety', 'Surprise']"
5379,"[Love]"
5380,"['Expect', 'Love', 'Anxiety']"
5381,"['Sorrow', 'Anxiety']"
5382,"['Love', 'Hate']"
5383,"['Anger', 'Hate']"
5384,"['Love', 'Joy']"
5385,"[Anxiety]"
5386,"['Sorrow', 'Anxiety', 'Hate']"
5387,"['Love', 'Joy']"
5388,"[Expect]"
5389,"['Anger', 'Sorrow', 'Anxiety', 'Hate']"
5390,"['Sorrow', 'Anxiety']"
5391,"[Love]"
5392,"[Love]"
5393,"['Love', 'Anxiety']"
5394,"['Love', 'Sorrow']"
5395,"[Expect]"
5396,"['Anger', 'Hate']"
5397,"['Sorrow', 'Anxiety']"
5398,"[Anxiety]"
5399,"[Love]"
5400,"['Love', 'Joy']"
5401,"[Anxiety]"
5402,"['Sorrow', 'Anxiety']"
5403,"['Sorrow', 'Anxiety', 'Surprise']"
5404,"['Anger', 'Anxiety', 'Hate']"
5405,"['Anger', 'Anxiety', 'Hate']"
5406,"[Expect]"
5407,"['Expect', 'Love', 'Joy']"
5408,"['Love', 'Joy']"
5409,"['Anger', 'Hate']"
5410,"[Joy]"
5411,"[Love]"
5412,"['Sorrow', 'Anxiety']"
5413,"['Expect', 'Love', 'Joy']"
5414,"['Love', 'Joy']"
5415,"['Anger', 'Sorrow', 'Hate']"
5416,"['Love', 'Joy']"
5417,"['Expect', 'Anxiety']"
5418,"['Sorrow', 'Anxiety']"
5419,"['Sorrow', 'Anxiety']"
5420,"['Anger', 'Anxiety', 'Surprise']"
5421,"['Anger', 'Sorrow', 'Anxiety', 'Hate']"
5422,"[Love]"
5423,"['Sorrow', 'Anxiety']"
5424,"['Love', 'Joy']"
5425,"[Surprise]"
5426,"['Anger', 'Hate']"
5427,"['Love', 'Joy']"
5428,"[Love]"
5429,"['Sorrow', 'Anxiety']"
5430,"[Anxiety]"
5431,"[Love]"
5432,"[Anxiety]"
5433,"['Expect', 'Joy']"
5434,"[Love]"
5435,"['Expect', 'Sorrow', 'Anxiety']"
5436,"['Expect', 'Love', 'Joy']"
5437,"['Expect', 'Anxiety']"
5438,"['Love', 'Sorrow']"
5439,"[Love]"
5440,"['Love', 'Joy']"
5441,"[Expect]"
5442,"['Love', 'Joy']"
5443,"['Sorrow', 'Anxiety']"
5444,"[Hate]"
5445,"['Sorrow', 'Anxiety']"
5446,"['Love', 'Joy']"
5447,"['Sorrow', 'Anxiety']"
5448,"['Expect', 'Love']"
5449,"[Joy]"
5450,"['Sorrow', 'Anxiety']"
5451,"[Anger]"
5452,"[Love]"
5453,"['Love', 'Anxiety']"
5454,"['Love', 'Joy']"
5455,"['Sorrow', 'Hate']"
5456,"['Love', 'Anxiety']"
5457,"['Sorrow', 'Anxiety']"
5458,"['Love', 'Joy']"
5459,"['Love', 'Joy']"
5460,"[Anxiety]"
5461,"['Love', 'Joy']"
5462,"['Sorrow', 'Anxiety']"
5463,"[Love]"
5464,"[Love]"
5465,"['Love', 'Joy']"
5466,"[Love]"
5467,"['Anger', 'Expect', 'Hate']"
5468,"[Sorrow]"
5469,"['Love', 'Joy']"
5470,"[Anxiety]"
5471,"['Love', 'Joy']"
5472,"['Love', 'Sorrow', 'Anxiety']"
5473,"[Sorrow]"
5474,"['Love', 'Joy']"
5475,"['Love', 'Joy']"
5476,"['Sorrow', 'Anxiety']"
5477,"['Love', 'Joy']"
5478,"['Anger', 'Hate', 'Surprise']"
5479,"['Love', 'Joy']"
5480,"['Expect', 'Love', 'Joy']"
5481,"[Anger]"
5482,"['Expect', 'Love']"
5483,"['Anger', 'Hate']"
5484,"[Joy]"
5485,"['Love', 'Joy']"
5486,"['Expect', 'Love']"
5487,"['Expect', 'Hate', 'Joy']"
5488,"['Love', 'Joy']"
5489,"['Love', 'Joy']"
5490,"['Sorrow', 'Anxiety']"
5491,"[Anxiety]"
5492,"['Sorrow', 'Anxiety']"
5493,"[Love]"
5494,"['Expect', 'Love']"
5495,"['Sorrow', 'Anxiety', 'Hate']"
5496,"[Anxiety]"
5497,"['Anger', 'Sorrow', 'Anxiety', 'Hate']"
5498,"['Love', 'Joy']"
5499,"['Anger', 'Anxiety', 'Hate']"
5500,"['Love', 'Joy']"
5501,"['Expect', 'Love']"
5502,"[Love]"
5503,"['Anger', 'Hate']"
5504,"['Anger', 'Sorrow', 'Anxiety', 'Hate']"
5505,"['Love', 'Sorrow']"
5506,"[Anxiety]"
5507,"['Anger', 'Love', 'Anxiety']"
5508,"['Sorrow', 'Anxiety']"
5509,"['Expect', 'Hate', 'Joy']"
5510,"[Love]"
5511,"['Anxiety', 'Hate']"
5512,"['Expect', 'Sorrow', 'Anxiety']"
5513,"[Joy]"
5514,"[Anxiety]"
5515,"[Anxiety]"
5516,"['Love', 'Sorrow', 'Joy']"
5517,"[Love]"
5518,"[Sorrow]"
5519,"['Anger', 'Hate']"
5520,"['Love', 'Joy']"
5521,"['Love', 'Joy']"
5522,"['Sorrow', 'Anxiety']"
5523,"['Anger', 'Sorrow', 'Anxiety', 'Hate']"
5524,"[Love]"
5525,"['Expect', 'Love']"
5526,"['Love', 'Joy']"
5527,"['Expect', 'Anxiety']"
5528,"['Love', 'Joy']"
5529,"['Anger', 'Hate']"
5530,"[Love]"
5531,"['Anger', 'Sorrow', 'Hate']"
5532,"[Sorrow]"
5533,"['Expect', 'Love']"
5534,"[Expect]"
5535,"['Anger', 'Sorrow', 'Hate']"
5536,"['Love', 'Anxiety', 'Joy']"
5537,"['Anxiety', 'Surprise']"
5538,"[Love]"
5539,"['Sorrow', 'Anxiety', 'Joy']"
5540,"['Sorrow', 'Anxiety']"
5541,"['Anger', 'Anxiety', 'Hate']"
5542,"[Love]"
5543,"['Sorrow', 'Anxiety']"
5544,"[Love]"
5545,"[Love]"
5546,"['Sorrow', 'Anxiety']"
5547,"['Sorrow', 'Anxiety']"
5548,"['Sorrow', 'Anxiety']"
5549,"['Anger', 'Anxiety', 'Hate']"
5550,"['Love', 'Joy']"
5551,"['Anger', 'Expect', 'Hate']"
5552,"['Anger', 'Expect', 'Hate']"
5553,"['Anger', 'Sorrow', 'Anxiety']"
5554,"[Love]"
5555,"[Joy]"
5556,"['Love', 'Joy', 'Surprise']"
5557,"['Sorrow', 'Anxiety']"
5558,"['Anger', 'Expect', 'Hate']"
5559,"['Expect', 'Love', 'Joy']"
5560,"['Expect', 'Love']"
5561,"['Anger', 'Hate']"
5562,"['Anger', 'Sorrow', 'Anxiety', 'Hate']"
5563,"['Sorrow', 'Anxiety']"
5564,"['Hate', 'Surprise']"
5565,"['Love', 'Joy']"
5566,"[Anxiety]"
5567,"['Anger', 'Expect', 'Sorrow', 'Hate']"
5568,"[Love]"
5569,"['Love', 'Anxiety']"
5570,"['Expect', 'Anxiety']"
5571,"[Love]"
5572,"[Love]"
5573,"['Anger', 'Anxiety', 'Hate']"
5574,"['Anger', 'Hate']"
5575,"['Love', 'Joy']"
5576,"['Anxiety', 'Hate']"
5577,"['Anger', 'Sorrow', 'Anxiety']"
5578,"['Expect', 'Love', 'Hate', 'Joy']"
5579,"[Surprise]"
5580,"['Sorrow', 'Anxiety']"
5581,"['Love', 'Joy']"
5582,"[Love]"
5583,"['Love', 'Joy']"
5584,"['Sorrow', 'Anxiety']"
5585,"['Anger', 'Expect', 'Hate']"
5586,"[Love]"
5587,"['Sorrow', 'Anxiety']"
5588,"[Love]"
5589,"['Sorrow', 'Anxiety']"
5590,"['Love', 'Joy']"
5591,"['Sorrow', 'Anxiety']"
5592,"[Love]"
5593,"['Sorrow', 'Hate']"
5594,"['Anger', 'Hate']"
5595,"['Anger', 'Sorrow', 'Anxiety', 'Hate']"
5596,"['Sorrow', 'Anxiety']"
5597,"['Love', 'Joy']"
5598,"['Love', 'Hate']"
5599,"['Sorrow', 'Anxiety']"
5600,"['Love', 'Joy']"
5601,"['Anger', 'Hate']"
5602,"['Love', 'Hate']"
5603,"['Anger', 'Hate']"
5604,"['Love', 'Joy']"
5605,"['Love', 'Joy']"
5606,"[Love]"
5607,"[Love]"
5608,"['Sorrow', 'Anxiety']"
5609,"['Love', 'Joy']"
5610,"[Love]"
5611,"['Sorrow', 'Anxiety', 'Hate']"
5612,"['Anger', 'Hate']"
5613,"['Love', 'Joy']"
5614,"['Anger', 'Expect', 'Hate']"
5615,"['Expect', 'Love', 'Sorrow']"
5616,"['Expect', 'Love', 'Joy']"
5617,"['Anger', 'Hate']"
5618,"['Love', 'Joy']"
5619,"['Expect', 'Love', 'Joy']"
5620,"['Love', 'Surprise']"
5621,"['Love', 'Joy']"
5622,"['Expect', 'Love']"
5623,"[Sorrow]"
5624,"['Sorrow', 'Anxiety', 'Hate']"
5625,"[Anxiety]"
5626,"['Love', 'Anxiety']"
5627,"['Anger', 'Love', 'Hate']"
5628,"[Love]"
5629,"[Anger]"
5630,"[Love]"
5631,"['Love', 'Joy']"
5632,"['Anger', 'Anxiety']"
5633,"['Expect', 'Anxiety', 'Hate']"
5634,"['Love', 'Sorrow', 'Joy']"
5635,"['Anxiety', 'Hate']"
5636,"['Love', 'Joy']"
5637,"[Love]"
5638,"['Sorrow', 'Anxiety']"
5639,"['Love', 'Joy']"
5640,"[Love]"
5641,"['Sorrow', 'Anxiety']"
5642,"['Anger', 'Expect', 'Sorrow', 'Anxiety', 'Hate']"
5643,"['Expect', 'Love', 'Joy']"
5644,"['Sorrow', 'Anxiety']"
5645,"['Sorrow', 'Anxiety']"
5646,"['Sorrow', 'Anxiety']"
5647,"['Anger', 'Sorrow', 'Anxiety']"
5648,"['Expect', 'Love', 'Joy']"
5649,"['Expect', 'Love']"
5650,"['Anger', 'Sorrow', 'Anxiety']"
5651,"['Expect', 'Love', 'Sorrow', 'Anxiety', 'Joy']"
5652,"['Love', 'Joy']"
5653,"['Anger', 'Sorrow', 'Anxiety']"
5654,"['Anger', 'Anxiety', 'Hate']"
5655,"[Anxiety]"
5656,"['Expect', 'Love', 'Joy']"
5657,"['Sorrow', 'Anxiety']"
5658,"['Sorrow', 'Anxiety']"
5659,"['Sorrow', 'Anxiety']"
5660,"['Anger', 'Hate']"
5661,"['Expect', 'Anxiety']"
5662,"[Love]"
5663,"['Anger', 'Expect', 'Anxiety', 'Hate']"
5664,"['Sorrow', 'Anxiety']"
5665,"['Love', 'Joy']"
5666,"['Love', 'Anxiety']"
5667,"['Expect', 'Love', 'Joy']"
5668,"['Love', 'Joy']"
5669,"['Expect', 'Love']"
5670,"['Love', 'Joy']"
5671,"['Expect', 'Sorrow', 'Anxiety']"
5672,"['Love', 'Joy']"
5673,"['Expect', 'Love', 'Joy']"
5674,"['Love', 'Joy']"
5675,"['Expect', 'Love', 'Joy']"
5676,"['Anger', 'Anxiety', 'Hate']"
5677,"['Anger', 'Anxiety', 'Hate']"
5678,"['Expect', 'Hate']"
5679,"[Anxiety]"
5680,"[Anxiety]"
5681,"['Anger', 'Hate']"
5682,"['Love', 'Joy']"
5683,"['Love', 'Anxiety', 'Hate']"
5684,"['Anger', 'Anxiety', 'Hate']"
5685,"['Expect', 'Love', 'Anxiety', 'Joy']"
5686,"['Anger', 'Anxiety']"
5687,"[Sorrow]"
5688,"['Sorrow', 'Anxiety']"
5689,"['Love', 'Joy']"
5690,"['Expect', 'Love']"
5691,"['Sorrow', 'Anxiety']"
5692,"['Love', 'Sorrow', 'Anxiety']"
5693,"['Sorrow', 'Anxiety', 'Surprise']"
5694,"[Love]"
5695,"['Expect', 'Love']"
5696,"['Sorrow', 'Anxiety', 'Hate']"
5697,"['Love', 'Anxiety']"
5698,"['Sorrow', 'Anxiety']"
5699,"[Joy]"
5700,"['Sorrow', 'Anxiety']"
5701,"['Expect', 'Love', 'Joy']"
5702,"['Love', 'Joy']"
5703,"['Expect', 'Joy']"
5704,"['Anger', 'Expect']"
5705,"[Love]"
5706,"['Expect', 'Love', 'Hate']"
5707,"['Sorrow', 'Anxiety']"
5708,"['Anger', 'Sorrow', 'Anxiety', 'Hate']"
5709,"['Sorrow', 'Anxiety']"
5710,"['Love', 'Joy']"
5711,"['Anger', 'Hate']"
5712,"[Joy]"
5713,"['Anger', 'Anxiety']"
5714,"['Love', 'Hate']"
5715,"['Love', 'Anxiety', 'Hate']"
5716,"['Expect', 'Joy']"
5717,"['Anger', 'Anxiety', 'Hate', 'Surprise']"
5718,"['Love', 'Anxiety']"
5719,"['Expect', 'Love', 'Joy']"
5720,"[Anger]"
5721,"['Love', 'Joy']"
5722,"['Love', 'Sorrow']"
5723,"['Love', 'Joy']"
5724,"['Sorrow', 'Anxiety']"
5725,"['Expect', 'Love']"
5726,"['Expect', 'Love', 'Joy']"
5727,"['Expect', 'Love', 'Joy']"
5728,"[Anxiety]"
5729,"['Expect', 'Love', 'Sorrow', 'Anxiety', 'Hate', 'Joy']"
5730,"['Sorrow', 'Anxiety', 'Hate']"
5731,"['Anger', 'Hate']"
5732,"['Expect', 'Love', 'Joy']"
5733,"['Expect', 'Anxiety']"
5734,"['Sorrow', 'Anxiety']"
5735,"['Sorrow', 'Anxiety']"
5736,"['Love', 'Anxiety']"
5737,"['Expect', 'Love']"
5738,"[Love]"
5739,"['Love', 'Joy']"
5740,"[Love]"
5741,"['Anger', 'Anxiety']"
5742,"['Expect', 'Joy']"
5743,"['Anxiety', 'Joy']"
5744,"[Love]"
5745,"['Love', 'Anxiety']"
5746,"['Anger', 'Sorrow', 'Hate']"
5747,"['Anger', 'Anxiety', 'Hate', 'Surprise']"
5748,"['Anger', 'Hate']"
5749,"['Sorrow', 'Anxiety']"
5750,"[Love]"
5751,"['Love', 'Sorrow', 'Joy']"
5752,"['Expect', 'Love']"
5753,"['Sorrow', 'Anxiety']"
5754,"['Sorrow', 'Anxiety']"
5755,"['Anger', 'Hate']"
5756,"['Anger', 'Anxiety', 'Hate']"
5757,"['Expect', 'Love']"
5758,"['Sorrow', 'Anxiety']"
5759,"['Expect', 'Love', 'Joy']"
5760,"[Anxiety]"
5761,"['Love', 'Joy']"
5762,"[Surprise]"
5763,"['Sorrow', 'Anxiety']"
5764,"['Expect', 'Love', 'Joy']"
5765,"[Anxiety]"
5766,"[Surprise]"
5767,"[Love]"
5768,"[Sorrow]"
5769,"['Sorrow', 'Anxiety']"
5770,"['Love', 'Sorrow', 'Anxiety']"
5771,"['Sorrow', 'Anxiety']"
5772,"['Anger', 'Sorrow', 'Hate']"
5773,"['Love', 'Sorrow']"
5774,"['Sorrow', 'Anxiety']"
5775,"['Anger', 'Sorrow', 'Hate']"
5776,"['Anger', 'Sorrow', 'Hate']"
5777,"['Anger', 'Sorrow', 'Anxiety', 'Hate']"
5778,"[Love]"
5779,"['Love', 'Joy']"
5780,"['Love', 'Joy']"
5781,"['Expect', 'Love', 'Joy']"
5782,"['Anger', 'Anxiety']"
5783,"[Sorrow]"
5784,"['Sorrow', 'Anxiety']"
5785,"['Anger', 'Hate']"
5786,"[Love]"
5787,"['Sorrow', 'Anxiety']"
5788,"['Anxiety', 'Surprise']"
5789,"['Anger', 'Anxiety', 'Hate']"
5790,"[Love]"
5791,"['Love', 'Joy']"
5792,"[Love]"
5793,"[Love]"
5794,"['Sorrow', 'Anxiety']"
5795,"[Love]"
5796,"['Anger', 'Hate']"
5797,"['Sorrow', 'Anxiety']"
5798,"['Love', 'Anxiety', 'Surprise']"
5799,"['Love', 'Sorrow', 'Anxiety']"
5800,"['Anger', 'Sorrow', 'Hate']"
5801,"['Love', 'Joy']"
5802,"['Anger', 'Sorrow', 'Anxiety', 'Hate']"
5803,"['Expect', 'Joy']"
5804,"[Love]"
5805,"['Anger', 'Sorrow', 'Anxiety', 'Hate']"
5806,"['Sorrow', 'Anxiety', 'Hate']"
5807,"['Anger', 'Anxiety', 'Hate']"
5808,"['Love', 'Joy']"
5809,"['Anger', 'Sorrow', 'Anxiety', 'Hate']"
5810,"['Sorrow', 'Anxiety']"
5811,"['Sorrow', 'Anxiety']"
5812,"['Love', 'Joy', 'Surprise']"
5813,"[Love]"
5814,"['Expect', 'Anxiety']"
5815,"['Sorrow', 'Anxiety']"
5816,"['Sorrow', 'Anxiety']"
5817,"['Expect', 'Anxiety']"
5818,"['Sorrow', 'Anxiety']"
5819,"['Love', 'Joy']"
5820,"['Expect', 'Joy']"
5821,"['Sorrow', 'Anxiety', 'Hate']"
5822,"['Anger', 'Anxiety', 'Hate']"
5823,"['Anger', 'Hate']"
5824,"[Anxiety]"
5825,"['Anxiety', 'Hate', 'Surprise']"
5826,"['Love', 'Joy']"
5827,"['Anger', 'Hate']"
5828,"['Sorrow', 'Anxiety']"
5829,"[Love]"
5830,"['Anger', 'Anxiety', 'Hate']"
5831,"['Anger', 'Sorrow', 'Hate']"
5832,"['Anger', 'Hate']"
5833,"[Anxiety]"
5834,"['Anger', 'Hate']"
5835,"['Love', 'Sorrow', 'Joy']"
5836,"['Anger', 'Anxiety', 'Hate']"
5837,"['Expect', 'Love', 'Joy']"
5838,"['Expect', 'Love', 'Joy']"
5839,"['Love', 'Joy']"
5840,"[Love]"
5841,"['Expect', 'Love', 'Sorrow']"
5842,"['Anger', 'Anxiety', 'Hate']"
5843,"['Expect', 'Sorrow', 'Anxiety', 'Joy']"
5844,"['Love', 'Joy']"
5845,"['Love', 'Sorrow', 'Joy']"
5846,"['Expect', 'Love', 'Joy']"
5847,"['Love', 'Joy']"
5848,"[Love]"
5849,"[Anxiety]"
5850,"['Sorrow', 'Anxiety']"
5851,"['Expect', 'Anxiety']"
5852,"['Sorrow', 'Anxiety']"
5853,"['Love', 'Joy']"
5854,"['Sorrow', 'Anxiety']"
5855,"['Sorrow', 'Anxiety']"
5856,"[Love]"
5857,"['Sorrow', 'Anxiety']"
5858,"[Love]"
5859,"['Love', 'Joy']"
5860,"[Sorrow]"
5861,"['Love', 'Joy']"
5862,"[Love]"
5863,"[Anxiety]"
5864,"['Anger', 'Sorrow', 'Anxiety']"
5865,"[Love]"
5866,"['Anger', 'Sorrow', 'Hate']"
5867,"['Love', 'Joy']"
5868,"['Love', 'Joy']"
5869,"['Expect', 'Love']"
5870,"['Love', 'Sorrow', 'Anxiety']"
5871,"['Expect', 'Love']"
5872,"['Anger', 'Hate']"
5873,"['Expect', 'Anxiety']"
5874,"['Anger', 'Expect', 'Hate', 'Joy']"
5875,"['Anger', 'Expect', 'Anxiety', 'Hate']"
5876,"['Love', 'Anxiety']"
5877,"['Love', 'Sorrow']"
5878,"['Sorrow', 'Anxiety']"
5879,"['Expect', 'Love', 'Anxiety']"
5880,"['Love', 'Sorrow']"
5881,"['Love', 'Surprise']"
5882,"['Love', 'Joy']"
5883,"['Sorrow', 'Anxiety']"
5884,"[Love]"
5885,"['Sorrow', 'Anxiety']"
5886,"['Sorrow', 'Anxiety', 'Hate']"
5887,"['Sorrow', 'Anxiety']"
5888,"['Sorrow', 'Anxiety']"
5889,"['Expect', 'Love']"
5890,"['Love', 'Joy']"
5891,"['Anger', 'Anxiety', 'Hate']"
5892,"['Anger', 'Anxiety', 'Hate']"
5893,"[Expect]"
5894,"[Sorrow]"
5895,"[Love]"
5896,"['Sorrow', 'Anxiety']"
5897,"[Love]"
5898,"['Sorrow', 'Anxiety']"
5899,"['Anger', 'Sorrow', 'Hate']"
5900,"[Love]"
5901,"[Anxiety]"
5902,"['Love', 'Hate', 'Joy']"
5903,"['Love', 'Joy']"
5904,"['Anxiety', 'Joy']"
5905,"['Anxiety', 'Hate']"
5906,"['Sorrow', 'Anxiety']"
5907,"['Love', 'Joy']"
5908,"[Love]"
5909,"['Love', 'Joy']"
5910,"[Anxiety]"
5911,"[Love]"
5912,"['Anxiety', 'Surprise']"
5913,"['Anger', 'Hate']"
5914,"['Love', 'Joy']"
5915,"['Sorrow', 'Anxiety']"
5916,"['Sorrow', 'Anxiety']"
5917,"[Anxiety]"
5918,"['Sorrow', 'Anxiety']"
5919,"['Sorrow', 'Anxiety']"
5920,"['Love', 'Joy']"
5921,"['Anger', 'Anxiety', 'Hate']"
5922,"['Expect', 'Love', 'Joy']"
5923,"['Love', 'Joy']"
5924,"[Love]"
5925,"['Expect', 'Love', 'Sorrow', 'Anxiety']"
5926,"['Anger', 'Hate']"
5927,"[Sorrow]"
5928,"['Anger', 'Expect', 'Sorrow', 'Anxiety', 'Hate']"
5929,"['Anger', 'Hate']"
5930,"['Anger', 'Anxiety']"
5931,"[Love]"
5932,"[Anxiety]"
5933,"['Anxiety', 'Surprise']"
5934,"[Love]"
5935,"['Love', 'Joy']"
5936,"[Expect]"
5937,"['Sorrow', 'Anxiety']"
5938,"['Sorrow', 'Anxiety']"
5939,"['Sorrow', 'Anxiety']"
5940,"['Love', 'Joy']"
5941,"['Love', 'Joy']"
5942,"['Sorrow', 'Anxiety']"
5943,"['Love', 'Joy']"
5944,"[Anxiety]"
5945,"['Expect', 'Sorrow']"
5946,"['Love', 'Anxiety']"
5947,"['Anger', 'Hate']"
5948,"[Joy]"
5949,"['Expect', 'Love', 'Joy']"
5950,"['Anger', 'Hate']"
5951,"['Love', 'Hate']"
5952,"['Expect', 'Love', 'Joy']"
5953,"['Expect', 'Love', 'Joy']"
5954,"[Anxiety]"
5955,"['Love', 'Sorrow', 'Anxiety']"
5956,"[Anxiety]"
5957,"['Expect', 'Love', 'Joy']"
5958,"['Love', 'Joy']"
5959,"[Anxiety]"
5960,"['Expect', 'Love']"
5961,"['Sorrow', 'Anxiety']"
5962,"['Sorrow', 'Anxiety']"
5963,"[Anxiety]"
5964,"['Sorrow', 'Anxiety', 'Hate']"
5965,"['Sorrow', 'Anxiety']"
5966,"['Anger', 'Anxiety', 'Hate']"
5967,"[Love]"
5968,"['Sorrow', 'Anxiety']"
5969,"['Expect', 'Joy']"
5970,"['Sorrow', 'Anxiety', 'Hate']"
5971,"['Anger', 'Hate']"
5972,"['Sorrow', 'Anxiety']"
5973,"['Sorrow', 'Anxiety']"
5974,"['Anger', 'Hate']"
5975,"['Expect', 'Love']"
5976,"[Expect]"
5977,"['Expect', 'Sorrow', 'Anxiety']"
5978,"['Love', 'Joy']"
5979,"['Expect', 'Love']"
5980,"['Love', 'Sorrow', 'Hate']"
5981,"['Love', 'Joy']"
5982,"[Love]"
5983,"['Sorrow', 'Anxiety', 'Hate']"
5984,"['Love', 'Anxiety']"
5985,"['Love', 'Joy']"
5986,"['Love', 'Joy']"
5987,"['Anger', 'Sorrow', 'Anxiety']"
5988,"['Anger', 'Anxiety', 'Surprise']"
5989,"['Sorrow', 'Anxiety']"
5990,"[Love]"
5991,"['Anger', 'Hate']"
5992,"['Anger', 'Anxiety', 'Hate']"
5993,"['Anger', 'Anxiety', 'Hate']"
5994,"[Love]"
5995,"['Expect', 'Love']"
5996,"['Expect', 'Anxiety']"
5997,"['Anxiety', 'Surprise']"
5998,"['Love', 'Joy']"
5999,"['Expect', 'Love', 'Joy']"
6000,"['Expect', 'Sorrow', 'Anxiety']"
6001,"['Love', 'Joy', 'Surprise']"
6002,"[Love]"
6003,"['Love', 'Joy']"
6004,"[Anxiety]"
6005,"['Sorrow', 'Hate']"
6006,"['Love', 'Joy']"
6007,"['Love', 'Joy']"
6008,"['Anger', 'Anxiety']"
6009,"[Joy]"
6010,"['Expect', 'Love']"
6011,"['Expect', 'Love']"
6012,"['Love', 'Joy']"
6013,"[Love]"
6014,"['Expect', 'Sorrow', 'Anxiety']"
6015,"['Anxiety', 'Joy']"
6016,"['Love', 'Joy']"
6017,"['Sorrow', 'Anxiety']"
6018,"['Anger', 'Hate']"
6019,"['Sorrow', 'Anxiety']"
6020,"['Anxiety', 'Hate']"
6021,"['Sorrow', 'Anxiety', 'Hate']"
6022,"['Expect', 'Love', 'Anxiety', 'Hate']"
6023,"[Love]"
6024,"[Anxiety]"
6025,"['Anger', 'Hate']"
6026,"['Love', 'Joy']"
6027,"['Expect', 'Love', 'Joy']"
6028,"[Expect]"
6029,"['Sorrow', 'Anxiety', 'Surprise']"
6030,"[Love]"
6031,"['Expect', 'Love', 'Joy']"
6032,"['Expect', 'Love']"
6033,"['Sorrow', 'Anxiety']"
6034,"['Love', 'Joy']"
6035,"['Anger', 'Hate']"
6036,"['Anger', 'Anxiety', 'Hate']"
6037,"['Love', 'Joy']"
6038,"['Sorrow', 'Anxiety']"
6039,"['Love', 'Joy']"
6040,"['Anger', 'Anxiety']"
6041,"['Love', 'Surprise']"
6042,"['Expect', 'Love']"
6043,"[Love]"
6044,"['Anger', 'Anxiety', 'Hate']"
6045,"['Anger', 'Hate']"
6046,"['Expect', 'Love']"
6047,"['Expect', 'Joy']"
6048,"['Sorrow', 'Anxiety', 'Hate']"
6049,"['Anxiety', 'Joy']"
6050,"[Love]"
6051,"[Love]"
6052,"['Anxiety', 'Hate']"
6053,"['Love', 'Joy']"
6054,"['Anger', 'Love', 'Hate']"
6055,"['Love', 'Joy']"
6056,"['Sorrow', 'Anxiety']"
6057,"['Sorrow', 'Anxiety']"
6058,"['Expect', 'Sorrow', 'Anxiety']"
6059,"['Love', 'Joy']"
6060,"['Love', 'Joy']"
6061,"['Sorrow', 'Anxiety']"
6062,"['Sorrow', 'Anxiety', 'Hate']"
6063,"[Anxiety]"
6064,"['Sorrow', 'Anxiety']"
6065,"['Love', 'Joy']"
6066,"['Expect', 'Love']"
6067,"['Expect', 'Love', 'Joy']"
6068,"['Love', 'Joy']"
6069,"['Love', 'Joy']"
6070,"['Anger', 'Hate']"
6071,"['Sorrow', 'Anxiety']"
6072,"['Sorrow', 'Anxiety']"
6073,"[Anxiety]"
6074,"['Sorrow', 'Anxiety']"
6075,"[Love]"
6076,"[Love]"
6077,"[Anger]"
6078,"['Love', 'Joy']"
6079,"['Love', 'Joy']"
6080,"['Expect', 'Joy']"
6081,"['Anger', 'Sorrow', 'Anxiety', 'Hate']"
6082,"['Sorrow', 'Anxiety']"
6083,"[Love]"
6084,"['Anger', 'Anxiety', 'Hate']"
6085,"['Anger', 'Expect', 'Anxiety']"
6086,"[Expect]"
6087,"['Love', 'Sorrow', 'Anxiety']"
6088,"['Love', 'Joy']"
6089,"['Love', 'Hate']"
6090,"[Love]"
6091,"['Sorrow', 'Anxiety']"
6092,"['Anger', 'Sorrow']"
6093,"['Love', 'Joy']"
6094,"[Anxiety]"
6095,"[Love]"
6096,"[Sorrow]"
6097,"[Love]"
6098,"['Sorrow', 'Anxiety']"
6099,"['Sorrow', 'Anxiety']"
6100,"['Anger', 'Sorrow', 'Anxiety']"
6101,"[Anxiety]"
6102,"['Love', 'Joy']"
6103,"['Expect', 'Anxiety', 'Hate']"
6104,"['Sorrow', 'Anxiety']"
6105,"['Anger', 'Anxiety']"
6106,"[Joy]"
6107,"['Sorrow', 'Anxiety']"
6108,"['Sorrow', 'Anxiety']"
6109,"[Love]"
6110,"['Anger', 'Anxiety', 'Hate']"
6111,"[Anxiety]"
6112,"['Anxiety', 'Hate']"
6113,"['Love', 'Joy']"
6114,"[Anxiety]"
6115,"['Anger', 'Sorrow', 'Anxiety', 'Hate']"
6116,"['Anxiety', 'Hate']"
6117,"[Joy]"
6118,"['Sorrow', 'Anxiety', 'Surprise']"
6119,"['Anxiety', 'Surprise']"
6120,"['Anxiety', 'Hate']"
6121,"[Love]"
6122,"['Sorrow', 'Anxiety', 'Hate']"
6123,"['Love', 'Joy']"
6124,"['Expect', 'Anxiety']"
6125,"[Anxiety]"
6126,"['Expect', 'Love', 'Anxiety', 'Joy']"
6127,"[Love]"
6128,"['Sorrow', 'Anxiety', 'Hate']"
6129,"['Sorrow', 'Anxiety']"
6130,"[Love]"
6131,"['Expect', 'Love', 'Joy']"
6132,"['Anger', 'Sorrow', 'Hate']"
6133,"[Love]"
6134,"[Love]"
6135,"['Love', 'Joy']"
6136,"['Expect', 'Love', 'Joy']"
6137,"['Sorrow', 'Anxiety']"
6138,"['Love', 'Joy']"
6139,"['Love', 'Joy']"
6140,"['Expect', 'Love', 'Joy']"
6141,"['Expect', 'Love', 'Joy']"
6142,"['Sorrow', 'Anxiety']"
6143,"['Anxiety', 'Hate']"
6144,"['Sorrow', 'Anxiety']"
6145,"[Love]"
6146,"['Sorrow', 'Anxiety']"
6147,"[Love]"
6148,"[Anxiety]"
6149,"[Love]"
6150,"['Love', 'Joy']"
6151,"[Love]"
6152,"['Sorrow', 'Anxiety']"
6153,"['Sorrow', 'Anxiety']"
